Task	Typ of Try	FT/ST	Begin launch	Num Try	Num CibleA	Num CibleB	Pos CibleA	Pos CibleB	%RecA_>_B	Target Choice	Good Choice	Reward	Num error	 E0	E10	E20	E30	E100	E40	E15	E25	E35	E45	E55	E105	E115	E200	E250	E251	E252	E253	E254	E255
2	Exec_Auto	0	15736608	0	1	0	3	1	0	B	1	1	0	3766800	0	0	0	0	0	3766808	3766887	3768063	3768664	3768971	3769471	0	3769771	0	0	0	0	0	0	
2	Exec_Auto	0	15736608	1	1	0	2	1	0	B	1	0	0	3766800	0	0	0	0	0	3771771	3771827	3772548	3772954	3773233	3773733	0	3774033	0	0	0	0	0	0	
2	Exec_Auto	0	15736608	2	1	0	2	3	0	B	1	1	0	3766800	0	0	0	0	0	3776033	3776089	3776793	3777252	3777973	3778473	0	3778774	0	0	0	0	0	0	
2	Exec_Auto	0	15736608	3	1	0	2	1	0	B	1	1	0	3766800	0	0	0	0	0	3780774	3780817	3781950	3782378	3782672	3783172	0	3783472	0	0	0	0	0	0	
2	Exec_Auto	0	15736608	4	0	1	3	1	1	A	1	1	0	3766800	0	0	0	0	0	3785472	3785534	3786623	3787007	3787459	3787959	0	3788259	0	0	0	0	0	0	
2	Exec_Auto	0	15736608	5	1	0	1	3	0	B	1	1	0	3766800	0	0	0	0	0	3790259	3790305	3790891	3791361	3791680	3792180	0	3792480	0	0	0	0	0	0	
2	Exec_Auto	0	15736608	6	1	0	0	1	0	B	1	1	0	3766800	0	0	0	0	0	3794480	3794544	3795864	3796259	3796526	3797026	0	3797326	0	0	0	0	0	0	
2	Exec_Auto	0	15736608	7	0	1	2	1	1	A	1	1	0	3766800	0	0	0	0	0	3799326	3799349	3800190	3800605	3801102	3801602	0	3801903	0	0	0	0	0	0	
2	Exec_Auto	0	15736608	8	1	0	3	0	0	B	1	1	0	3766800	0	0	0	0	0	3803903	3803963	3805315	3805771	3806006	3806506	0	3806806	0	0	0	0	0	0	
2	Exec_Auto	0	15736608	9	0	1	2	3	1	A	1	1	0	3766800	0	0	0	0	0	3808806	3808885	3810314	3810768	3811009	3811509	0	3811810	0	0	0	0	0	0	
2	Exec_Auto	1	15736608	10	0	1	3	1	1	B	0	0	0	3766800	0	0	0	0	0	3813810	3813876	3815052	3815852	3816209	0	3816709	3817010	0	0	0	0	0	0	
2	Exec_Auto	1	15736608	11	1	0	2	0	0	B	1	1	0	3766800	0	0	0	0	0	3819010	3819060	3819781	3820394	3820653	3821153	0	3821454	0	0	0	0	0	0	
2	Exec_Auto	1	15736608	12	0	1	3	1	1	A	1	1	0	3766800	0	0	0	0	0	3823455	3823478	3824182	3825060	3825511	3826011	0	3826311	0	0	0	0	0	0	
2	Exec_Auto	1	15736608	13	1	0	2	3	0	A	0	1	0	3766800	0	0	0	0	0	3828311	3828384	3829517	3830227	3831062	0	3831562	3831862	0	0	0	0	0	0	
2	Exec_Auto	1	15736608	14	1	0	0	1	0	A	0	1	0	3766800	0	0	0	0	0	3833862	3833924	3835013	3835531	3835902	0	3836402	3836703	0	0	0	0	0	0	
2	Exec_Auto	1	15736608	15	0	1	3	0	1	A	1	0	0	3766800	0	0	0	0	0	3838703	3838797	3839383	3839819	3840528	3841028	0	3841328	0	0	0	0	0	0	
2	Exec_Auto	1	15736608	16	0	1	3	1	1		0	0	251	3766800	0	0	0	0	0	3843328	3843407	3844727	3845396	3845775	0	0	3849475	0	3846275	0	0	0	0	
2	Exec_Auto	1	15736608	16	0	1	3	1	1	B	0	0	0	3766800	0	0	0	0	0	3851476	3851546	3852866	3853506	3853776	0	3854276	3854576	0	0	0	0	0	0	
2	Exec_Auto	1	15736608	17	1	0	0	1	0	B	1	1	0	3766800	0	0	0	0	0	3856576	3856634	3857475	3858038	3858371	3858871	0	3859171	0	0	0	0	0	0	
2	Exec_Auto	1	15736608	18	0	1	1	0	1	A	1	1	0	3766800	0	0	0	0	0	3861172	3861228	3862580	3863070	3863363	3863863	0	3864163	0	0	0	0	0	0	
2	Exec_Auto	1	15736608	19	1	0	2	1	0	B	1	1	0	3766800	0	0	0	0	0	3866164	3866215	3867644	3868048	3868582	3869082	0	3869383	0	0	0	0	0	0	
2	Exec_Auto	0	15736608	0	1	0	0	1	0	B	1	1	0	3871384	0	0	0	0	0	3871422	3871517	3872152	3872537	3872853	3873353	0	3873653	0	0	0	0	0	0	
2	Exec_Auto	0	15736608	1	1	0	0	1	0	B	1	1	0	3871384	0	0	0	0	0	3875654	3875722	3876918	3877302	3877632	3878132	0	3878432	0	0	0	0	0	0	
2	Exec_Auto	0	15736608	2	0	1	0	1	1	A	1	1	0	3871384	0	0	0	0	0	3880432	3880465	3880975	3881412	3881739	3882239	0	3882540	0	0	0	0	0	0	
2	Exec_Auto	0	15736608	3	0	1	0	2	1	A	1	1	0	3871384	0	0	0	0	0	3884541	3884604	3885177	3885623	3885936	3886436	0	3886736	0	0	0	0	0	0	
2	Exec_Auto	0	15736608	4	0	1	0	1	1	A	1	1	0	3871384	0	0	0	0	0	3888736	3888762	3890016	3890424	3890791	3891291	0	3891591	0	0	0	0	0	0	
2	Exec_Auto	0	15736608	5	0	1	2	3	1	A	1	1	0	3871384	0	0	0	0	0	3893591	3893645	3894312	3894724	3895031	3895531	0	3895831	0	0	0	0	0	0	
2	Exec_Auto	0	15736608	6	1	0	1	0	0	B	1	1	0	3871384	0	0	0	0	0	3897834	3897891	3898837	3899203	3899579	3900079	0	3900380	0	0	0	0	0	0	
2	Exec_Auto	0	15736608	7	1	0	3	1	0	B	1	0	0	3871384	0	0	0	0	0	3902382	3902450	3902957	3903358	3903677	3904177	0	3904477	0	0	0	0	0	0	
2	Exec_Auto	0	15736608	8	1	0	1	2	0	B	1	1	0	3871384	0	0	0	0	0	3906478	3906543	3907435	3907848	3908377	3908877	0	3909178	0	0	0	0	0	0	
2	Exec_Auto	0	15736608	9	0	1	0	3	1	A	1	1	0	3871384	0	0	0	0	0	3911179	3911235	3912321	3912737	3913057	3913557	0	3913858	0	0	0	0	0	0	
2	Exec_Auto	1	15736608	10	0	1	3	0	1	A	1	0	0	3871384	0	0	0	0	0	3915858	3915925	3916560	3917136	3917808	3918308	0	3918609	0	0	0	0	0	0	
2	Exec_Auto	1	15736608	11	0	1	1	3	1	A	1	1	0	3871384	0	0	0	0	0	3920610	3920677	3921873	3922266	3922594	3923094	0	3923395	0	0	0	0	0	0	
2	Exec_Auto	1	15736608	12	1	0	3	1	0	B	1	1	0	3871384	0	0	0	0	0	3925395	3925437	3925947	3926432	3926795	3927295	0	3927596	0	0	0	0	0	0	
2	Exec_Auto	1	15736608	13	0	1	2	3	1	A	1	0	0	3871384	0	0	0	0	0	3929596	3929626	3930199	3930587	3931669	3932169	0	3932470	0	0	0	0	0	0	
2	Exec_Auto	1	15736608	14	0	1	2	1	1	A	1	1	0	3871384	0	0	0	0	0	3934470	3934532	3935786	3936169	3937592	3938092	0	3938393	0	0	0	0	0	0	
2	Exec_Auto	1	15736608	15	1	0	0	1	0	B	1	1	0	3871384	0	0	0	0	0	3940394	3940440	3941107	3941525	3941903	3942403	0	3942703	0	0	0	0	0	0	
2	Exec_Auto	1	15736608	16	0	1	0	3	1	A	1	1	0	3871384	0	0	0	0	0	3944704	3944741	3945687	3946192	3946601	3947101	0	3947403	0	0	0	0	0	0	
2	Exec_Auto	1	15736608	17	1	0	1	2	0	B	1	0	0	3871384	0	0	0	0	0	3949404	3949437	3949944	3950393	3950701	3951201	0	3951502	0	0	0	0	0	0	
2	Exec_Auto	1	15736608	18	0	1	3	1	1	A	1	1	0	3871384	0	0	0	0	0	3953503	3953578	3954470	3954916	3955650	3956150	0	3956451	0	0	0	0	0	0	
2	Exec_Auto	1	15736608	19	0	1	3	2	1	A	1	1	0	3871384	0	0	0	0	0	3958452	3958506	3959592	3960004	3960861	3961361	0	3961662	0	0	0	0	0	0	
2	Exec_Auto	0	15736608	0	0	1	1	0	1	A	1	1	0	3963663	0	0	0	0	0	3963697	3963768	3964979	3965326	3965685	3966185	0	3966485	0	0	0	0	0	0	
2	Exec_Auto	0	15736608	1	0	1	2	3	1	A	1	1	0	3963663	0	0	0	0	0	3968486	3968564	3969803	3970224	3970506	3971006	0	3971308	0	0	0	0	0	0	
2	Exec_Auto	0	15736608	2	0	1	3	1	1	A	1	1	0	3963663	0	0	0	0	0	3973309	3973381	3973887	3974338	3974945	3975445	0	3975746	0	0	0	0	0	0	
2	Exec_Auto	0	15736608	3	1	0	3	0	0	B	1	0	252	3963663	0	0	0	0	0	3977747	3977789	3978651	3979093	3979394	0	0	3982599	0	0	3979399	0	0	0	
2	Exec_Auto	0	15736608	3	1	0	3	0	0	B	1	0	0	3963663	0	0	0	0	0	3984600	3984661	3985523	3986002	3986294	3986794	0	3987094	0	0	0	0	0	0	
2	Exec_Auto	0	15736608	4	1	0	0	2	0	B	1	1	0	3963663	0	0	0	0	0	3989097	3989170	3990238	3990704	3991080	3991580	0	3991882	0	0	0	0	0	0	
2	Exec_Auto	0	15736608	5	0	1	0	2	1	A	1	0	0	3963663	0	0	0	0	0	3993883	3993892	3994581	3994996	3995361	3995861	0	3996161	0	0	0	0	0	0	
2	Exec_Auto	0	15736608	6	1	0	0	1	0	B	1	1	0	3963663	0	0	0	0	0	3998161	3998233	3998973	3999394	3999701	4000201	0	4000501	0	0	0	0	0	0	
2	Exec_Auto	0	15736608	7	0	1	2	0	1	A	1	1	0	3963663	0	0	0	0	0	4002501	4002570	4003956	4004346	4004892	4005392	0	4005693	0	0	0	0	0	0	
2	Exec_Auto	0	15736608	8	0	1	0	2	1	A	1	0	0	3963663	0	0	0	0	0	4007693	4008036	4008819	4009247	4009567	4010067	0	4010368	0	0	0	0	0	0	
2	Exec_Auto	0	15736608	9	1	0	1	2	0	B	1	1	0	3963663	0	0	0	0	0	4012368	4012408	4013233	4013637	4013977	4014477	0	4014778	0	0	0	0	0	0	
2	Exec_Auto	1	15736608	10	0	1	0	2	1	A	1	1	0	3963663	0	0	0	0	0	4016778	4018105	4019316	4019771	4020092	4020592	0	4020892	0	0	0	0	0	0	
2	Exec_Auto	1	15736608	11	0	1	1	3	1	A	1	0	0	3963663	0	0	0	0	0	4022892	4022939	4024178	4024670	4025021	4025521	0	4025821	0	0	0	0	0	0	
2	Exec_Auto	1	15736608	12	0	1	0	2	1	A	1	1	0	3963663	0	0	0	0	0	4027821	4027878	4028384	4028890	4029216	4029716	0	4030016	0	0	0	0	0	0	
2	Exec_Auto	1	15736608	13	0	1	2	3	1	A	1	0	0	3963663	0	0	0	0	0	4032017	4032070	4032932	4033332	4033684	4034184	0	4034485	0	0	0	0	0	0	
2	Exec_Auto	1	15736608	14	0	1	1	3	1	A	1	1	0	3963663	0	0	0	0	0	4036486	4036517	4037585	4038035	4038412	4038912	0	4039214	0	0	0	0	0	0	
2	Exec_Auto	1	15736608	15	1	0	1	3	0	B	1	1	0	3963663	0	0	0	0	0	4041214	4041275	4041964	4042389	4043109	4043609	0	4043909	0	0	0	0	0	0	
2	Exec_Auto	1	15736608	16	0	1	0	3	1	A	1	1	0	3963663	0	0	0	0	0	4045909	4046766	4047506	4047979	4048357	4048857	0	4049158	0	0	0	0	0	0	
2	Exec_Auto	1	15736608	17	1	0	2	3	0	A	0	0	0	3963663	0	0	0	0	0	4051160	4051206	4052592	4053001	4053728	0	4054228	4054529	0	0	0	0	0	0	
2	Exec_Auto	1	15736608	18	0	1	1	3	1	A	1	0	0	3963663	0	0	0	0	0	4056530	4056572	4057355	4057766	4058129	4058629	0	4058930	0	0	0	0	0	0	
2	Exec_Auto	1	15736608	19	0	1	1	0	1	A	1	1	0	3963663	0	0	0	0	0	4060931	4060999	4061824	4062298	4062735	4063235	0	4063536	0	0	0	0	0	0	
2	Exec_Auto	0	15736608	0	0	1	1	3	1	A	1	1	0	4065538	0	0	0	0	0	4065590	4065659	4066650	4067020	4067355	4067855	0	4068156	0	0	0	0	0	0	
2	Exec_Auto	0	15736608	1	1	0	3	0	0	B	1	1	0	4065538	0	0	0	0	0	4070157	4070225	4071302	4071782	4072104	4072604	0	4072906	0	0	0	0	0	0	
2	Exec_Auto	0	15736608	2	1	0	1	0	0	B	1	0	0	4065538	0	0	0	0	0	4074906	4074971	4076152	4076592	4076930	4077430	0	4077730	0	0	0	0	0	0	
2	Exec_Auto	0	15736608	3	1	0	0	3	0	B	1	1	0	4065538	0	0	0	0	0	4079730	4079753	4080630	4081037	4081667	4082167	0	4082467	0	0	0	0	0	0	
2	Exec_Auto	0	15736608	4	1	0	0	2	0	B	1	0	0	4065538	0	0	0	0	0	4084467	4084539	4085685	4086113	4086397	4086897	0	4087197	0	0	0	0	0	0	
2	Exec_Auto	0	15736608	5	0	1	0	2	1	A	1	1	0	4065538	0	0	0	0	0	4089198	4089247	4090406	4090878	4091247	4091747	0	4092047	0	0	0	0	0	0	
2	Exec_Auto	0	15736608	6	0	1	2	1	1	A	1	0	0	4065538	0	0	0	0	0	4094048	4094116	4094764	4095187	4095781	4096281	0	4096581	0	0	0	0	0	0	
2	Exec_Auto	0	15736608	7	1	0	3	0	0	B	1	0	0	4065538	0	0	0	0	0	4098582	4098645	4099817	4100222	4100606	4101106	0	4101407	0	0	0	0	0	0	
2	Exec_Auto	0	15736608	8	0	1	3	2	1	A	1	1	0	4065538	0	0	0	0	0	4103408	4103476	4104741	4105131	4105933	4106433	0	4106735	0	0	0	0	0	0	
2	Exec_Auto	0	15736608	9	1	0	1	0	0	B	1	1	0	4065538	0	0	0	0	0	4108736	4110051	4111244	4111629	4112000	4112500	0	4112801	0	0	0	0	0	0	
2	Exec_Auto	1	15736608	10	0	1	3	1	1	B	0	1	0	4065538	0	0	0	0	0	4114802	4114836	4115827	4116251	4116602	0	4117102	4117402	0	0	0	0	0	0	
2	Exec_Auto	1	15736608	11	0	1	3	2	1	A	1	1	0	4065538	0	0	0	0	0	4119403	4119475	4120552	4120971	4121902	4122402	0	4122703	0	0	0	0	0	0	
2	Exec_Auto	1	15736608	12	0	1	0	3	1	A	1	0	0	4065538	0	0	0	0	0	4124703	4124749	4125930	4126415	4126770	4127270	0	4127572	0	0	0	0	0	0	
2	Exec_Auto	1	15736608	13	0	1	0	2	1	A	1	1	0	4065538	0	0	0	0	0	4129573	4129595	4130472	4130894	4131256	4131756	0	4132056	0	0	0	0	0	0	
2	Exec_Auto	1	15736608	14	1	0	2	0	0	B	1	1	0	4065538	0	0	0	0	0	4134057	4134118	4135264	4135703	4136079	4136579	0	4136879	0	0	0	0	0	0	
2	Exec_Auto	1	15736608	15	1	0	1	2	0	B	1	1	0	4065538	0	0	0	0	0	4138880	4138958	4140117	4140592	4141303	4141803	0	4142103	0	0	0	0	0	0	
2	Exec_Auto	1	15736608	16	0	1	2	0	1	A	1	0	0	4065538	0	0	0	0	0	4144105	4144174	4144822	4145305	4146567	4147067	0	4147367	0	0	0	0	0	0	
2	Exec_Auto	1	15736608	17	0	1	1	0	1	A	1	1	0	4065538	0	0	0	0	0	4149367	4149433	4150605	4151029	4151385	4151885	0	4152186	0	0	0	0	0	0	
2	Exec_Auto	1	15736608	18	0	1	1	3	1	A	1	1	0	4065538	0	0	0	0	0	4154187	4154218	4155483	4155884	4156347	4156847	0	4157148	0	0	0	0	0	0	
2	Exec_Auto	1	15736608	19	0	1	0	3	1	A	1	1	0	4065538	0	0	0	0	0	4159149	4159206	4160399	4160826	4161198	4161698	0	4161998	0	0	0	0	0	0	
2	Exec_Auto	0	15736608	0	1	0	1	2	0	B	1	1	0	4163999	0	0	0	0	0	4164024	4164093	4164869	4165260	4165719	4166219	0	4166520	0	0	0	0	0	0	
2	Exec_Auto	0	15736608	1	0	1	3	1	1	A	1	0	0	4163999	0	0	0	0	0	4168522	4168571	4170015	4170438	4171394	4171894	0	4172195	0	0	0	0	0	0	
2	Exec_Auto	0	15736608	2	1	0	2	0	0	B	1	1	0	4163999	0	0	0	0	0	4174196	4174253	4175120	4175561	4175947	4176447	0	4176748	0	0	0	0	0	0	
2	Exec_Auto	0	15736608	3	1	0	1	3	0	B	1	1	0	4163999	0	0	0	0	0	4178749	4178826	4180160	4180637	4181262	4181762	0	4182062	0	0	0	0	0	0	
2	Exec_Auto	0	15736608	4	1	0	2	1	0	B	1	1	0	4163999	0	0	0	0	0	4184063	4184138	4185272	4185680	4185996	4186496	0	4186797	0	0	0	0	0	0	
2	Exec_Auto	0	15736608	5	0	1	1	0	1	A	1	0	0	4163999	0	0	0	0	0	4188797	4188838	4189740	4190124	4190505	4191005	0	4191306	0	0	0	0	0	0	
2	Exec_Auto	0	15736608	6	0	1	1	0	1	A	1	1	0	4163999	0	0	0	0	0	4193306	4193374	4194089	4194468	4194836	4195336	0	4195636	0	0	0	0	0	0	
2	Exec_Auto	0	15736608	7	1	0	0	3	0	B	1	1	0	4163999	0	0	0	0	0	4197637	4197743	4199178	4199553	4200172	4200672	0	4200973	0	0	0	0	0	0	
2	Exec_Auto	0	15736608	8	1	0	1	2	0	B	1	1	0	4163999	0	0	0	0	0	4202973	4203018	4204092	4204507	4204883	4205383	0	4205684	0	0	0	0	0	0	
2	Exec_Auto	0	15736608	9	0	1	1	0	1	A	1	1	0	4163999	0	0	0	0	0	4207685	4207873	4208440	4208863	4209222	4209722	0	4210023	0	0	0	0	0	0	
2	Exec_Auto	1	15736608	10	1	0	2	1	0	B	1	0	0	4163999	0	0	0	0	0	4212024	4212080	4212856	4213295	4213754	4214254	0	4214555	0	0	0	0	0	0	
2	Exec_Auto	1	15736608	11	0	1	0	2	1	A	1	1	0	4163999	0	0	0	0	0	4216555	4216619	4218063	4218507	4218837	4219337	0	4219638	0	0	0	0	0	0	
2	Exec_Auto	1	15736608	12	1	0	1	0	0	B	1	0	0	4163999	0	0	0	0	0	4221639	4221709	4222576	4222995	4223326	4223826	0	4224126	0	0	0	0	0	0	
2	Exec_Auto	1	15736608	13	1	0	2	3	0	A	0	1	0	4163999	0	0	0	0	0	4226127	4226197	4227531	4228025	4228457	0	4228957	4229258	0	0	0	0	0	0	
2	Exec_Auto	1	15736608	14	1	0	0	2	0	B	1	1	0	4163999	0	0	0	0	0	4231258	4232127	4233261	4233707	4234052	4234552	0	4234852	0	0	0	0	0	0	
2	Exec_Auto	1	15736608	15	1	0	2	1	0	B	1	0	0	4163999	0	0	0	0	0	4236852	4238083	4238985	4239439	4239768	4240268	0	4240569	0	0	0	0	0	0	
2	Exec_Auto	1	15736608	16	1	0	1	3	0	B	1	1	0	4163999	0	0	0	0	0	4242572	4242650	4243365	4243834	4244560	4245060	0	4245360	0	0	0	0	0	0	
2	Exec_Auto	1	15736608	17	0	1	2	1	1	A	1	1	0	4163999	0	0	0	0	0	4247360	4248346	4249781	4250200	4251470	4251970	0	4252270	0	0	0	0	0	0	
2	Exec_Auto	1	15736608	18	0	1	1	2	1	A	1	1	0	4163999	0	0	0	0	0	4254270	4254337	4255411	4255792	4256239	4256739	0	4257039	0	0	0	0	0	0	
2	Exec_Auto	1	15736608	19	1	0	0	2	0	B	1	0	0	4163999	0	0	0	0	0	4259040	4259112	4259679	4260090	4260789	4261289	0	4261590	0	0	0	0	0	0	
2	Exec_Auto	0	15736608	0	1	0	2	1	0	B	1	1	0	4263593	0	0	0	0	0	4263614	4263688	4264370	4264813	4265125	4265625	0	4265926	0	0	0	0	0	0	
2	Exec_Auto	0	15736608	1	0	1	3	0	1	A	1	1	0	4263593	0	0	0	0	0	4267927	4267985	4268907	4269343	4269921	4270421	0	4270721	0	0	0	0	0	0	
2	Exec_Auto	0	15736608	2	1	0	1	3	0	B	1	1	0	4263593	0	0	0	0	0	4272721	4273354	4274131	4274521	4275182	4275682	0	4275983	0	0	0	0	0	0	
2	Exec_Auto	0	15736608	3	1	0	3	0	0	B	1	1	0	4263593	0	0	0	0	0	4277983	4278208	4278977	4279375	4279703	4280203	0	4280503	0	0	0	0	0	0	
2	Exec_Auto	0	15736608	4	0	1	1	2	1	A	1	1	0	4263593	0	0	0	0	0	4282503	4282575	4283516	4283941	4284271	4284771	0	4285072	0	0	0	0	0	0	
2	Exec_Auto	0	15736608	5	1	0	2	0	0	B	1	1	0	4263593	0	0	0	0	0	4287072	4287141	4288341	4288786	4289114	4289614	0	4289914	0	0	0	0	0	0	
2	Exec_Auto	0	15736608	6	1	0	2	1	0	B	1	1	0	4263593	0	0	0	0	0	4291915	4291976	4292651	4293034	4293370	4293870	0	4294170	0	0	0	0	0	0	
2	Exec_Auto	0	15736608	7	0	1	2	0	1	A	1	1	0	4263593	0	0	0	0	0	4296171	4296344	4297370	4297735	4298466	4298966	0	4299267	0	0	0	0	0	0	
2	Exec_Auto	0	15736608	8	0	1	1	0	1	A	1	1	0	4263593	0	0	0	0	0	4301267	4301346	4302748	4303126	4303450	4303950	0	4304250	0	0	0	0	0	0	
2	Exec_Auto	0	15736608	9	1	0	1	0	0	B	1	0	0	4263593	0	0	0	0	0	4306250	4306446	4307651	4308069	4308488	4308988	0	4309288	0	0	0	0	0	0	
2	Exec_Auto	1	15736608	10	1	0	0	3	0	B	1	1	0	4263593	0	0	0	0	0	4311289	4311321	4312003	4312467	4312960	4313460	0	4313760	0	0	0	0	0	0	
2	Exec_Auto	1	15736608	11	0	1	1	3	1	A	1	1	0	4263593	0	0	0	0	0	4315760	4316021	4316943	4317365	4317726	4318226	0	4318526	0	0	0	0	0	0	
2	Exec_Auto	1	15736608	12	0	1	0	1	1	A	1	0	0	4263593	0	0	0	0	0	4320527	4320583	4321360	4321799	4322139	4322639	0	4322940	0	0	0	0	0	0	
2	Exec_Auto	1	15736608	13	0	1	3	2	1	B	0	1	0	4263593	0	0	0	0	0	4324941	4324996	4325765	4326234	4326602	0	4327102	4327405	0	0	0	0	0	0	
2	Exec_Auto	1	15736608	14	0	1	2	1	1	A	1	1	0	4263593	0	0	0	0	0	4329406	4330058	4330999	4331356	4331934	4332434	0	4332734	0	0	0	0	0	0	
2	Exec_Auto	1	15736608	15	1	0	3	0	0	B	1	1	0	4263593	0	0	0	0	0	4334735	4335690	4336890	4337367	4337794	4338294	0	4338595	0	0	0	0	0	0	
2	Exec_Auto	1	15736608	16	1	0	2	1	0	B	1	0	0	4263593	0	0	0	0	0	4340595	4340655	4341330	4341756	4342168	4342668	0	4342968	0	0	0	0	0	0	
2	Exec_Auto	1	15736608	17	1	0	2	1	0	B	1	1	0	4263593	0	0	0	0	0	4344969	4345013	4346039	4346432	4346812	4347312	0	4347613	0	0	0	0	0	0	
2	Exec_Auto	1	15736608	18	0	1	0	2	1	A	1	0	0	4263593	0	0	0	0	0	4349615	4349678	4351081	4351607	4351937	4352437	0	4352738	0	0	0	0	0	0	
2	Exec_Auto	1	15736608	19	1	0	1	3	0	B	1	1	0	4263593	0	0	0	0	0	4354739	4354812	4356017	4356497	4357232	4357732	0	4358033	0	0	0	0	0	0	
2	Exec_Auto	0	15736608	0	0	1	1	2	1	A	1	1	0	4360034	0	0	0	0	0	4360065	4360135	4360939	4361342	4361711	4362211	0	4362512	0	0	0	0	0	0	
2	Exec_Auto	0	15736608	1	0	1	0	3	1	A	1	1	0	4360034	0	0	0	0	0	4364512	4364545	4365508	4365966	4366305	4366805	0	4367106	0	0	0	0	0	0	
2	Exec_Auto	0	15736608	2	0	1	2	3	1	A	1	0	0	4360034	0	0	0	0	0	4369106	4369142	4370622	4371051	4372378	4372878	0	4373178	0	0	0	0	0	0	
2	Exec_Auto	0	15736608	3	1	0	2	1	0	B	1	1	0	4360034	0	0	0	0	0	4375179	4375244	4376452	4376864	4377197	4377697	0	4377998	0	0	0	0	0	0	
2	Exec_Auto	0	15736608	4	1	0	2	0	0	B	1	0	0	4360034	0	0	0	0	0	4379999	4380057	4380596	4381029	4381357	4381857	0	4382159	0	0	0	0	0	0	
2	Exec_Auto	0	15736608	5	1	0	1	3	0	B	1	0	0	4360034	0	0	0	0	0	4384159	4384221	4385157	4385651	4386290	4386790	0	4387090	0	0	0	0	0	0	
2	Exec_Auto	0	15736608	6	1	0	0	1	0	B	1	0	0	4360034	0	0	0	0	0	4389091	4389163	4390154	4390541	4390917	4391417	0	4391718	0	0	0	0	0	0	
2	Exec_Auto	0	15736608	7	0	1	3	0	1	A	1	1	0	4360034	0	0	0	0	0	4393719	4393751	4394830	4395349	4395926	4396426	0	4396726	0	0	0	0	0	0	
2	Exec_Auto	0	15736608	8	1	0	0	3	0	B	1	1	0	4360034	0	0	0	0	0	4398726	4399083	4399705	4400248	4400813	4401313	0	4401613	0	0	0	0	0	0	
2	Exec_Auto	0	15736608	9	1	0	2	3	0	B	1	1	0	4360034	0	0	0	0	0	4403614	4404660	4405956	4406473	4407234	4407734	0	4408034	0	0	0	0	0	0	
2	Exec_Auto	1	15736608	10	1	0	1	0	0	B	1	1	0	4360034	0	0	0	0	0	4410034	4410338	4411142	4411593	4411953	4412453	0	4412754	0	0	0	0	0	0	
2	Exec_Auto	1	15736608	11	1	0	3	1	0	B	1	1	0	4360034	0	0	0	0	0	4414755	4414780	4415743	4416225	4416531	4417031	0	4417331	0	0	0	0	0	0	
2	Exec_Auto	1	15736608	12	1	0	3	0	0	B	1	0	0	4360034	0	0	0	0	0	4419332	4419393	4420873	4421311	4421628	4422128	0	4422428	0	0	0	0	0	0	
2	Exec_Auto	1	15736608	13	1	0	2	1	0	B	1	1	0	4360034	0	0	0	0	0	4424430	4424489	4425697	4426156	4426549	4427049	0	4427349	0	0	0	0	0	0	
2	Exec_Auto	1	15736608	14	0	1	1	3	1	A	1	1	0	4360034	0	0	0	0	0	4429350	4429395	4429934	4430412	4430827	4431327	0	4431627	0	0	0	0	0	0	
2	Exec_Auto	1	15736608	15	0	1	0	2	1	A	1	1	0	4360034	0	0	0	0	0	4433627	4433867	4434803	4435256	4435569	4436069	0	4436369	0	0	0	0	0	0	
2	Exec_Auto	1	15736608	16	1	0	0	3	0	B	1	1	0	4360034	0	0	0	0	0	4438370	4438423	4439414	4439977	4440604	4441104	0	4441405	0	0	0	0	0	0	
2	Exec_Auto	1	15736608	17	0	1	0	3	1	A	1	0	0	4360034	0	0	0	0	0	4443407	4443446	4444525	4445052	4445371	4445871	0	4446172	0	0	0	0	0	0	
2	Exec_Auto	1	15736608	18	0	1	2	0	1	A	1	1	0	4360034	0	0	0	0	0	4448172	4448242	4448864	4449273	4450448	4450948	0	4451249	0	0	0	0	0	0	
2	Exec_Auto	1	15736608	19	1	0	0	2	0	B	1	1	0	4360034	0	0	0	0	0	4453250	4453418	4454714	4455131	4455628	4456128	0	4456429	0	0	0	0	0	0	
2	Exec_Auto	0	15736608	0	0	1	1	3	1	A	1	1	0	4458430	0	0	0	0	0	4458458	4458539	4459660	4460029	4460398	4460898	0	4461199	0	0	0	0	0	0	
2	Exec_Auto	0	15736608	1	1	0	1	3	0	B	1	0	0	4458430	0	0	0	0	0	4463199	4463255	4464139	4464561	4465239	4465739	0	4466039	0	0	0	0	0	0	
2	Exec_Auto	0	15736608	2	1	0	2	1	0	B	1	1	0	4458430	0	0	0	0	0	4468040	4468085	4468979	4469418	4469804	4470304	0	4470605	0	0	0	0	0	0	
2	Exec_Auto	0	15736608	3	0	1	3	2	1	A	1	0	0	4458430	0	0	0	0	0	4472606	4472629	4473615	4474073	4475195	4475695	0	4475996	0	0	0	0	0	0	
2	Exec_Auto	0	15736608	4	1	0	0	1	0	B	1	1	0	4458430	0	0	0	0	0	4477997	4478035	4478921	4479293	4479640	4480140	0	4480441	0	0	0	0	0	0	
2	Exec_Auto	0	15736608	5	1	0	1	2	0	B	1	1	0	4458430	0	0	0	0	0	4482441	4482749	4483495	4483870	4484176	4484676	0	4484977	0	0	0	0	0	0	
2	Exec_Auto	0	15736608	6	0	1	1	0	1	A	1	1	0	4458430	0	0	0	0	0	4486977	4487033	4488402	4488816	4489138	4489638	0	4489938	0	0	0	0	0	0	
2	Exec_Auto	0	15736608	7	1	0	1	0	0	B	1	1	0	4458430	0	0	0	0	0	4491939	4492009	4493301	4493713	4494115	4494615	0	4494916	0	0	0	0	0	0	
2	Exec_Auto	0	15736608	8	0	1	2	1	1	A	1	1	0	4458430	0	0	0	0	0	4496916	4496996	4498082	4498478	4499642	4500142	0	4500442	0	0	0	0	0	0	
2	Exec_Auto	0	15736608	9	1	0	3	0	0	B	1	1	0	4458430	0	0	0	0	0	4502443	4502509	4503648	4504078	4504415	4504915	0	4505215	0	0	0	0	0	0	
2	Exec_Auto	1	15736608	10	0	1	2	3	1	A	1	0	0	4458430	0	0	0	0	0	4507216	4507263	4508384	4508878	4509529	4510029	0	4510330	0	0	0	0	0	0	
2	Exec_Auto	1	15736608	11	0	1	2	0	1	A	1	1	0	4458430	0	0	0	0	0	4512330	4512387	4513271	4513722	4514288	4514788	0	4515089	0	0	0	0	0	0	
2	Exec_Auto	1	15736608	12	1	0	1	0	0	B	1	1	0	4458430	0	0	0	0	0	4517089	4517146	4518040	4518479	4518832	4519332	0	4519633	0	0	0	0	0	0	
2	Exec_Auto	1	15736608	13	1	0	3	0	0	B	1	1	0	4458430	0	0	0	0	0	4521633	4521662	4522648	4523101	4523491	4523991	0	4524291	0	0	0	0	0	0	
2	Exec_Auto	1	15736608	14	1	0	0	3	0	B	1	1	0	4458430	0	0	0	0	0	4526291	4526349	4527235	4527768	4528330	4528830	0	4529130	0	0	0	0	0	0	
2	Exec_Auto	1	15736608	15	0	1	1	0	1	A	1	0	0	4458430	0	0	0	0	0	4531131	4531192	4531938	4532380	4532739	4533239	0	4533539	0	0	0	0	0	0	
2	Exec_Auto	1	15736608	16	1	0	2	0	0	B	1	1	0	4458430	0	0	0	0	0	4535539	4535579	4536948	4537413	4537744	4538244	0	4538544	0	0	0	0	0	0	
2	Exec_Auto	1	15736608	17	0	1	0	3	1	A	1	0	0	4458430	0	0	0	0	0	4540544	4540569	4541861	4542303	4542654	4543154	0	4543454	0	0	0	0	0	0	
2	Exec_Auto	1	15736608	18	0	1	2	0	1	A	1	1	0	4458430	0	0	0	0	0	4545455	4545505	4546591	4547056	4547949	4548449	0	4548749	0	0	0	0	0	0	
2	Exec_Auto	1	15736608	19	1	0	0	3	0	B	1	1	0	4458430	0	0	0	0	0	4550750	4550802	4551941	4552404	4553035	4553535	0	4553837	0	0	0	0	0	0	
2	Exec_Auto	0	15736608	0	0	1	3	1	1	A	1	1	0	4555838	0	0	0	0	0	4555845	4555894	4556754	4557204	4557895	4558395	0	4558696	0	0	0	0	0	0	
2	Exec_Auto	0	15736608	1	1	0	3	1	0	B	1	1	0	4555838	0	0	0	0	0	4560697	4560938	4561779	4562148	4562525	4563025	0	4563325	0	0	0	0	0	0	
2	Exec_Auto	0	15736608	2	0	1	2	0	1	A	1	1	0	4555838	0	0	0	0	0	4565327	4565368	4566842	4567190	4567862	4568362	0	4568662	0	0	0	0	0	0	
2	Exec_Auto	0	15736608	3	0	1	2	1	1	A	1	1	0	4555838	0	0	0	0	0	4570662	4570925	4572355	4572782	4573362	4573862	0	4574162	0	0	0	0	0	0	
2	Exec_Auto	0	15736608	4	0	1	1	3	1	A	1	1	0	4555838	0	0	0	0	0	4576162	4576747	4577764	4578146	4578511	4579011	0	4579312	0	0	0	0	0	0	
2	Exec_Auto	0	15736608	5	0	1	1	2	1	A	1	1	0	4555838	0	0	0	0	0	4581312	4581422	4582727	4583142	4583469	4583969	0	4584270	0	0	0	0	0	0	
2	Exec_Auto	0	15736608	6	1	0	2	0	0	B	1	1	0	4555838	0	0	0	0	0	4586271	4586306	4587257	4587666	4588034	4588534	0	4588834	0	0	0	0	0	0	
2	Exec_Auto	0	15736608	7	1	0	0	2	0	B	1	1	0	4555838	0	0	0	0	0	4590835	4590867	4591522	4591911	4592389	4592889	0	4593189	0	0	0	0	0	0	
2	Exec_Auto	0	15736608	8	1	0	1	2	0	B	1	0	0	4555838	0	0	0	0	0	4595190	4595224	4595996	4596390	4596975	4597475	0	4597776	0	0	0	0	0	0	
2	Exec_Auto	0	15736608	9	1	0	3	1	0		0	0	251	4555838	0	0	0	0	0	4599777	4599852	4600677	4601102	4601485	0	0	4605185	0	4601985	0	0	0	0	
2	Exec_Auto	0	15736608	9	1	0	3	1	0	B	1	1	0	4555838	0	0	0	0	0	4607185	4607252	4608077	4608467	4608844	4609344	0	4609645	0	0	0	0	0	0	
2	Exec_Auto	1	15736608	10	0	1	2	3	1	A	1	1	0	4555838	0	0	0	0	0	4611645	4611713	4612573	4612945	4613890	4614390	0	4614690	0	0	0	0	0	0	
2	Exec_Auto	1	15736608	11	0	1	3	1	1	A	1	0	0	4555838	0	0	0	0	0	4616691	4616731	4617572	4618034	4618610	4619110	0	4619411	0	0	0	0	0	0	
2	Exec_Auto	1	15736608	12	0	1	1	0	1	A	1	0	0	4555838	0	0	0	0	0	4621412	4621475	4622949	4623389	4623711	4624211	0	4624512	0	0	0	0	0	0	
2	Exec_Auto	1	15736608	13	0	1	0	3	1	A	1	1	0	4555838	0	0	0	0	0	4626512	4626579	4628009	4628509	4628866	4629366	0	4629667	0	0	0	0	0	0	
2	Exec_Auto	1	15736608	14	1	0	0	3	0	B	1	1	0	4555838	0	0	0	0	0	4631667	4631698	4632715	4633231	4633828	4634328	0	4634628	0	0	0	0	0	0	
2	Exec_Auto	1	15736608	15	0	1	3	0	1	A	1	1	0	4555838	0	0	0	0	0	4636628	4636686	4637991	4638449	4639125	4639625	0	4639925	0	0	0	0	0	0	
2	Exec_Auto	1	15736608	16	0	1	2	1	1	A	1	0	0	4555838	0	0	0	0	0	4641926	4641995	4642946	4643352	4643935	4644435	0	4644736	0	0	0	0	0	0	
2	Exec_Auto	1	15736608	17	1	0	0	2	0	B	1	1	0	4555838	0	0	0	0	0	4646736	4646763	4647418	4647830	4648441	4648941	0	4649242	0	0	0	0	0	0	
2	Exec_Auto	1	15736608	18	0	1	1	2	1	A	1	1	0	4555838	0	0	0	0	0	4651242	4651301	4652073	4652497	4652841	4653341	0	4653643	0	0	0	0	0	0	
2	Exec_Auto	1	15736608	19	0	1	0	1	1	A	1	1	0	4555838	0	0	0	0	0	4655643	4655669	4656494	4656943	4657304	4657804	0	4658105	0	0	0	0	0	0	
2	Exec_Auto	0	15736608	0	1	0	2	3	0	B	1	1	0	4660106	0	0	0	0	0	4660133	4660216	4661265	4661742	4662161	4662661	0	4662962	0	0	0	0	0	0	
2	Exec_Auto	0	15736608	1	0	1	2	1	1	A	1	0	0	4660106	0	0	0	0	0	4664963	4665022	4666421	4666817	4667658	4668158	0	4668459	0	0	0	0	0	0	
2	Exec_Auto	0	15736608	2	1	0	3	2	0	B	1	1	0	4660106	0	0	0	0	0	4670459	4670525	4671186	4671619	4672791	4673291	0	4673591	0	0	0	0	0	0	
2	Exec_Auto	0	15736608	3	1	0	1	3	0	B	1	0	0	4660106	0	0	0	0	0	4675591	4675633	4676551	4677057	4677663	4678163	0	4678463	0	0	0	0	0	0	
2	Exec_Auto	0	15736608	4	0	1	2	0	1	A	1	1	0	4660106	0	0	0	0	0	4680464	4680515	4681131	4681580	4682009	4682509	0	4682810	0	0	0	0	0	0	
2	Exec_Auto	0	15736608	5	0	1	0	3	1	A	1	1	0	4660106	0	0	0	0	0	4684811	4684852	4685796	4686200	4686554	4687054	0	4687354	0	0	0	0	0	0	
2	Exec_Auto	0	15736608	6	0	1	0	3	1	A	1	0	0	4660106	0	0	0	0	0	4689355	4689423	4690779	4691225	4691521	4692021	0	4692321	0	0	0	0	0	0	
2	Exec_Auto	0	15736608	7	0	1	1	3	1	A	1	1	0	4660106	0	0	0	0	0	4694322	4694396	4695761	4696170	4696498	4696998	0	4697298	0	0	0	0	0	0	
2	Exec_Auto	0	15736608	8	1	0	1	2	0	B	1	0	0	4660106	0	0	0	0	0	4699299	4699360	4700323	4700691	4702073	4702573	0	4702874	0	0	0	0	0	0	
2	Exec_Auto	0	15736608	9	0	1	0	3	1	A	1	1	0	4660106	0	0	0	0	0	4704875	4704943	4706240	4706689	4707050	4707550	0	4707851	0	0	0	0	0	0	
2	Exec_Auto	1	15736608	10	0	1	1	0	1	A	1	1	0	4660106	0	0	0	0	0	4709852	4709927	4710976	4711455	4711787	4712287	0	4712590	0	0	0	0	0	0	
2	Exec_Auto	1	15736608	11	1	0	3	0	0	B	1	0	0	4660106	0	0	0	0	0	4714590	4714646	4716045	4716532	4716834	4717334	0	4717635	0	0	0	0	0	0	
2	Exec_Auto	1	15736608	12	0	1	2	1	1	A	1	0	0	4660106	0	0	0	0	0	4719636	4719701	4720362	4720788	4721247	4721747	0	4722047	0	0	0	0	0	0	
2	Exec_Auto	1	15736608	13	0	1	1	3	1	A	1	0	0	4660106	0	0	0	0	0	4724048	4724118	4725036	4725498	4725843	4726343	0	4726643	0	0	0	0	0	0	
2	Exec_Auto	1	15736608	14	0	1	0	1	1	A	1	1	0	4660106	0	0	0	0	0	4728644	4728671	4729287	4729797	4730143	4730643	0	4730944	0	0	0	0	0	0	
2	Exec_Auto	1	15736608	15	0	1	3	2	1	A	1	0	0	4660106	0	0	0	0	0	4732945	4733007	4733951	4734474	4734890	4735390	0	4735691	0	0	0	0	0	0	
2	Exec_Auto	1	15736608	16	1	0	2	0	0	B	1	1	0	4660106	0	0	0	0	0	4737691	4737762	4739118	4739515	4739891	4740391	0	4740691	0	0	0	0	0	0	
2	Exec_Auto	1	15736608	17	1	0	1	2	0	B	1	1	0	4660106	0	0	0	0	0	4742692	4742758	4744123	4744547	4745049	4745549	0	4745850	0	0	0	0	0	0	
2	Exec_Auto	1	15736608	18	1	0	3	0	0	B	1	1	0	4660106	0	0	0	0	0	4747850	4748049	4749012	4749404	4749795	4750295	0	4750595	0	0	0	0	0	0	
2	Exec_Auto	1	15736608	19	0	1	1	2	1	A	1	1	0	4660106	0	0	0	0	0	4752596	4752654	4753951	4754348	4754690	4755190	0	4755490	0	0	0	0	0	0	
2	Exec_Auto	0	15736608	0	1	0	1	0	0	B	1	1	0	4757492	0	0	0	0	0	4757521	4757597	4758715	4759191	4759441	4759941	0	4760242	0	0	0	0	0	0	
2	Exec_Auto	0	15736608	1	1	0	0	2	0	B	1	1	0	4757492	0	0	0	0	0	4762242	4762313	4763336	4763760	4764972	4765472	0	4765773	0	0	0	0	0	0	
2	Exec_Auto	0	15736608	2	1	0	2	1	0	B	1	0	0	4757492	0	0	0	0	0	4767774	4767805	4768622	4769026	4769372	4769872	0	4770173	0	0	0	0	0	0	
2	Exec_Auto	0	15736608	3	0	1	0	2	1	A	1	1	0	4757492	0	0	0	0	0	4772174	4772239	4773685	4774159	4774508	4775008	0	4775308	0	0	0	0	0	0	
2	Exec_Auto	0	15736608	4	0	1	2	0	1	A	1	1	0	4757492	0	0	0	0	0	4777308	4777338	4777968	4778367	4778862	4779362	0	4779663	0	0	0	0	0	0	
2	Exec_Auto	0	15736608	5	1	0	1	2	0	B	1	1	0	4757492	0	0	0	0	0	4781664	4781870	4783350	4783724	4785029	4785529	0	4785830	0	0	0	0	0	0	
2	Exec_Auto	0	15736608	6	0	1	2	3	1	A	1	1	0	4757492	0	0	0	0	0	4787831	4787900	4788757	4789160	4789621	4790121	0	4790421	0	0	0	0	0	0	
2	Exec_Auto	0	15736608	7	1	0	3	1	0	B	1	1	0	4757492	0	0	0	0	0	4792421	4792482	4793054	4793461	4793815	4794315	0	4794615	0	0	0	0	0	0	
2	Exec_Auto	0	15736608	8	1	0	1	2	0	B	1	1	0	4757492	0	0	0	0	0	4796615	4796692	4797447	4797850	4798140	4798640	0	4798940	0	0	0	0	0	0	
2	Exec_Auto	0	15736608	9	0	1	0	2	1	A	1	1	0	4757492	0	0	0	0	0	4800942	4801009	4801586	4802016	4802392	4802892	0	4803192	0	0	0	0	0	0	
2	Exec_Auto	1	15736608	10	1	0	0	2	0	B	1	1	0	4757492	0	0	0	0	0	4805194	4805268	4806386	4806869	4807722	4808222	0	4808522	0	0	0	0	0	0	
2	Exec_Auto	1	15736608	11	1	0	0	2	0	B	1	0	0	4757492	0	0	0	0	0	4810522	4810576	4811599	4812082	4812386	4812886	0	4813186	0	0	0	0	0	0	
2	Exec_Auto	1	15736608	12	0	1	0	2	1	A	1	1	0	4757492	0	0	0	0	0	4815186	4815256	4816073	4816517	4816915	4817415	0	4817716	0	0	0	0	0	0	
2	Exec_Auto	1	15736608	13	0	1	2	1	1	A	1	1	0	4757492	0	0	0	0	0	4819717	4819786	4821232	4821649	4822131	4822631	0	4822932	0	0	0	0	0	0	
2	Exec_Auto	1	15736608	14	0	1	1	0	1	A	1	0	0	4757492	0	0	0	0	0	4824932	4824969	4825599	4826003	4826344	4826844	0	4827145	0	0	0	0	0	0	
2	Exec_Auto	1	15736608	15	0	1	0	3	1	A	1	1	0	4757492	0	0	0	0	0	4829145	4829215	4830695	4831124	4831533	4832033	0	4832334	0	0	0	0	0	0	
2	Exec_Auto	1	15736608	16	0	1	3	1	1	A	1	1	0	4757492	0	0	0	0	0	4834335	4834403	4835260	4835846	4836313	4836813	0	4837114	0	0	0	0	0	0	
2	Exec_Auto	1	15736608	17	1	0	0	3	0	B	1	1	0	4757492	0	0	0	0	0	4839114	4839158	4839730	4840324	4840961	4841461	0	4841761	0	0	0	0	0	0	
2	Exec_Auto	1	15736608	18	1	0	0	1	0	B	1	1	0	4757492	0	0	0	0	0	4843761	4843869	4844624	4845026	4845386	4845886	0	4846187	0	0	0	0	0	0	
2	Exec_Auto	1	15736608	19	1	0	2	1	0	B	1	1	0	4757492	0	0	0	0	0	4848187	4848259	4848836	4849236	4849771	4850271	0	4850571	0	0	0	0	0	0	
2	Exec_Auto	0	15736608	0	1	0	2	3	0	B	1	1	0	4852572	0	0	0	0	0	4852615	4852674	4854015	4854369	4854981	4855481	0	4855781	0	0	0	0	0	0	
2	Exec_Auto	0	15736608	1	1	0	0	2	0	B	1	1	0	4852572	0	0	0	0	0	4857781	4857847	4859012	4859454	4860720	4861220	0	4861521	0	0	0	0	0	0	
2	Exec_Auto	0	15736608	2	0	1	0	2	1	A	1	1	0	4852572	0	0	0	0	0	4863521	4863587	4865072	4865499	4865826	4866326	0	4866626	0	0	0	0	0	0	
2	Exec_Auto	0	15736608	3	1	0	0	1	0	B	1	1	0	4852572	0	0	0	0	0	4868626	4868660	4870130	4870532	4870836	4871336	0	4871636	0	0	0	0	0	0	
2	Exec_Auto	0	15736608	4	1	0	2	3	0	B	1	0	0	4852572	0	0	0	0	0	4873637	4873705	4874653	4875117	4875575	4876075	0	4876375	0	0	0	0	0	0	
2	Exec_Auto	0	15736608	5	0	1	0	1	1	A	1	1	0	4852572	0	0	0	0	0	4878377	4878439	4879773	4880113	4880429	4880929	0	4881230	0	0	0	0	0	0	
2	Exec_Auto	0	15736608	6	0	1	1	3	1	A	1	1	0	4852572	0	0	0	0	0	4883230	4883346	4884431	4884835	4885134	4885634	0	4885935	0	0	0	0	0	0	
2	Exec_Auto	0	15736608	7	1	0	0	2	0	B	1	0	0	4852572	0	0	0	0	0	4887935	4887968	4888925	4889322	4890433	4890933	0	4891233	0	0	0	0	0	0	
2	Exec_Auto	0	15736608	8	0	1	0	2	1	A	1	1	0	4852572	0	0	0	0	0	4893233	4893308	4894170	4894587	4895214	4895714	0	4896015	0	0	0	0	0	0	
2	Exec_Auto	0	15736608	9	0	1	1	0	1	A	1	1	0	4852572	0	0	0	0	0	4898016	4898131	4898927	4899298	4899631	4900131	0	4900431	0	0	0	0	0	0	
2	Exec_Auto	1	15736608	10	1	0	2	0	0	B	1	0	0	4852572	0	0	0	0	0	4902432	4902487	4903828	4904340	4904664	4905164	0	4905465	0	0	0	0	0	0	
2	Exec_Auto	1	15736608	11	0	1	3	1	1	A	1	1	0	4852572	0	0	0	0	0	4907466	4907529	4908694	4909247	4909610	4910110	0	4910410	0	0	0	0	0	0	
2	Exec_Auto	1	15736608	12	1	0	0	3	0	B	1	0	0	4852572	0	0	0	0	0	4912411	4912473	4913958	4914548	4915134	4915634	0	4915935	0	0	0	0	0	0	
2	Exec_Auto	1	15736608	13	1	0	0	2	0	B	1	1	0	4852572	0	0	0	0	0	4917936	4917997	4919467	4919892	4920271	4920771	0	4921072	0	0	0	0	0	0	
2	Exec_Auto	1	15736608	14	1	0	0	2	0	B	1	0	0	4852572	0	0	0	0	0	4923072	4923144	4924092	4924613	4925156	4925656	0	4925956	0	0	0	0	0	0	
2	Exec_Auto	1	15736608	15	0	1	3	2	1		0	0	251	4852572	0	0	0	0	0	4927956	4928028	4929362	4929977	4930404	0	0	4934104	0	4930904	0	0	0	0	
2	Exec_Auto	1	15736608	15	0	1	3	2	1	A	1	1	0	4852572	0	0	0	0	0	4936105	4936150	4937484	4938127	4938615	4939115	0	4939416	0	0	0	0	0	0	
2	Exec_Auto	1	15736608	16	0	1	0	2	1	A	1	1	0	4852572	0	0	0	0	0	4941416	4941466	4942551	4942979	4943357	4943857	0	4944158	0	0	0	0	0	0	
2	Exec_Auto	1	15736608	17	1	0	2	1	0	B	1	0	0	4852572	0	0	0	0	0	4946159	4946390	4947347	4947743	4948182	4948682	0	4948983	0	0	0	0	0	0	
2	Exec_Auto	1	15736608	18	0	1	1	3	1	A	1	1	0	4852572	0	0	0	0	0	4950987	4951013	4951875	4952410	4952758	4953258	0	4953559	0	0	0	0	0	0	
2	Exec_Auto	1	15736608	19	0	1	3	1	1	A	1	1	0	4852572	0	0	0	0	0	4955559	4955616	4956412	4956846	4957339	4957839	0	4958140	0	0	0	0	0	0	
2	Exec_Auto	0	15736608	0	0	1	0	3	1	A	1	1	0	4960141	0	0	0	0	0	4960170	4960249	4961398	4961823	4962147	4962647	0	4962947	0	0	0	0	0	0	
2	Exec_Auto	0	15736608	1	1	0	2	1	0	B	1	1	0	4960141	0	0	0	0	0	4964948	4965000	4965650	4966025	4966374	4966874	0	4967174	0	0	0	0	0	0	
2	Exec_Auto	0	15736608	2	0	1	1	0	1	A	1	1	0	4960141	0	0	0	0	0	4969174	4969221	4969944	4970367	4970707	4971207	0	4971507	0	0	0	0	0	0	
2	Exec_Auto	0	15736608	3	0	1	0	3	1	A	1	0	252	4960141	0	0	0	0	0	4973507	4973531	4974206	4974624	4974974	0	0	4978597	0	0	4975397	0	0	0	
2	Exec_Auto	0	15736608	3	0	1	0	3	1	A	1	1	0	4960141	0	0	0	0	0	4980597	4980667	4981342	4981799	4982159	4982659	0	4982960	0	0	0	0	0	0	
2	Exec_Auto	0	15736608	4	1	0	0	3	0	B	1	1	0	4960141	0	0	0	0	0	4984960	4985017	4985597	4986044	4986470	4986970	0	4987270	0	0	0	0	0	0	
2	Exec_Auto	0	15736608	5	0	1	2	1	1	A	1	1	0	4960141	0	0	0	0	0	4989270	4989312	4990186	4990570	4991108	4991608	0	4991908	0	0	0	0	0	0	
2	Exec_Auto	0	15736608	6	1	0	2	1	0	B	1	1	0	4960141	0	0	0	0	0	4993908	4993968	4995224	4995647	4995915	4996415	0	4996717	0	0	0	0	0	0	
2	Exec_Auto	0	15736608	7	0	1	2	0	1	A	1	1	0	4960141	0	0	0	0	0	4998718	4998770	4999570	5000036	5000304	5000804	0	5001105	0	0	0	0	0	0	
2	Exec_Auto	0	15736608	8	1	0	0	2	0	B	1	1	0	4960141	0	0	0	0	0	5003105	5003181	5004176	5004613	5005035	5005535	0	5005836	0	0	0	0	0	0	
2	Exec_Auto	0	15736608	9	1	0	2	3	0	B	1	0	0	4960141	0	0	0	0	0	5007836	5007892	5008595	5009104	5009837	5010337	0	5010638	0	0	0	0	0	0	
2	Exec_Auto	1	15736608	10	0	1	1	2	1	A	1	1	0	4960141	0	0	0	0	0	5012639	5012715	5013866	5014367	5014711	5015211	0	5015512	0	0	0	0	0	0	
2	Exec_Auto	1	15736608	11	1	0	3	0	0	B	1	1	0	4960141	0	0	0	0	0	5017513	5017560	5018210	5018711	5019007	5019507	0	5019808	0	0	0	0	0	0	
2	Exec_Auto	1	15736608	12	0	1	0	3	1	A	1	1	0	4960141	0	0	0	0	0	5021809	5021874	5022597	5023055	5023436	5023936	0	5024236	0	0	0	0	0	0	
2	Exec_Auto	1	15736608	13	1	0	2	3	0	B	1	1	0	4960141	0	0	0	0	0	5026236	5026296	5026971	5027542	5028004	5028504	0	5028805	0	0	0	0	0	0	
2	Exec_Auto	1	15736608	14	1	0	1	2	0	B	1	1	0	4960141	0	0	0	0	0	5030806	5030843	5031423	5031842	5032156	5032656	0	5032956	0	0	0	0	0	0	
2	Exec_Auto	1	15736608	15	1	0	3	2	0	B	1	0	0	4960141	0	0	0	0	0	5034957	5035029	5035903	5036320	5036562	5037062	0	5037363	0	0	0	0	0	0	
2	Exec_Auto	1	15736608	16	1	0	3	2	0	B	1	0	0	4960141	0	0	0	0	0	5039364	5039424	5040680	5041077	5041465	5041965	0	5042265	0	0	0	0	0	0	
2	Exec_Auto	1	15736608	17	1	0	0	2	0	B	1	1	0	4960141	0	0	0	0	0	5044265	5044328	5045128	5045564	5045892	5046392	0	5046692	0	0	0	0	0	0	
2	Exec_Auto	1	15736608	18	0	1	1	0	1	A	1	0	0	4960141	0	0	0	0	0	5048693	5048729	5049724	5050151	5051614	5052114	0	5052415	0	0	0	0	0	0	
2	Exec_Auto	1	15736608	19	0	1	2	1	1	A	1	1	0	4960141	0	0	0	0	0	5054416	5054478	5055181	5055562	5056285	5056785	0	5057086	0	0	0	0	0	0	
2	Exec_Auto	0	15736608	0	1	0	3	0	0	B	1	1	0	5059087	0	0	0	0	0	5059119	5059197	5059829	5060239	5060585	5061085	0	5061385	0	0	0	0	0	0	
2	Exec_Auto	0	15736608	1	1	0	0	3	0	B	1	0	0	5059087	0	0	0	0	0	5063386	5063446	5064924	5065390	5065873	5066373	0	5066674	0	0	0	0	0	0	
2	Exec_Auto	0	15736608	2	1	0	0	2	0	B	1	1	0	5059087	0	0	0	0	0	5068675	5068700	5069521	5069921	5070334	5070834	0	5071134	0	0	0	0	0	0	
2	Exec_Auto	0	15736608	3	1	0	2	1	0	B	1	0	0	5059087	0	0	0	0	0	5073134	5073189	5073835	5074212	5074637	5075137	0	5075439	0	0	0	0	0	0	
2	Exec_Auto	0	15736608	4	1	0	2	3	0	B	1	1	0	5059087	0	0	0	0	0	5077439	5077479	5078363	5078879	5079329	5079829	0	5080129	0	0	0	0	0	0	
2	Exec_Auto	0	15736608	5	0	1	0	2	1	A	1	1	0	5059087	0	0	0	0	0	5082129	5082204	5083225	5083634	5083974	5084474	0	5084774	0	0	0	0	0	0	
2	Exec_Auto	0	15736608	6	1	0	0	1	0	B	1	1	0	5059087	0	0	0	0	0	5086775	5086790	5087432	5087854	5088239	5088739	0	5089040	0	0	0	0	0	0	
2	Exec_Auto	0	15736608	7	1	0	3	2	0	B	1	1	0	5059087	0	0	0	0	0	5091041	5091093	5092453	5092805	5093504	5094004	0	5094306	0	0	0	0	0	0	
2	Exec_Auto	0	15736608	8	0	1	3	1	1	A	1	1	0	5059087	0	0	0	0	0	5096307	5096377	5097539	5097973	5098341	5098841	0	5099141	0	0	0	0	0	0	
2	Exec_Auto	0	15736608	9	1	0	0	3	0	B	1	1	0	5059087	0	0	0	0	0	5101142	5101840	5102866	5103284	5103694	5104194	0	5104495	0	0	0	0	0	0	
