Task	Typ of Try	FT/ST	Begin launch	Num Try	Num CibleA	Num CibleB	Pos CibleA	Pos CibleB	%RecA_>_B	Target Choice	Good Choice	Reward	Num error	 E0	E10	E20	E30	E100	E40	E15	E25	E35	E45	E55	E105	E115	E200	E250	E251	E252	E253	E254	E255
2	Exec_Auto	0	24876122	0	1	0	0	1	0	B	1	0	0	13617	0	0	0	0	0	13626	13707	15161	15653	16016	16516	0	16757	0	0	0	0	0	0	
2	Exec_Auto	0	24876122	1	1	0	0	3	0	B	1	1	0	13617	0	0	0	0	0	18758	18840	19640	20088	20386	20886	0	21127	0	0	0	0	0	0	
2	Exec_Auto	0	24876122	2	0	1	3	1	1	A	1	0	0	13617	0	0	0	0	0	23128	23196	23795	24244	24439	24939	0	25180	0	0	0	0	0	0	
2	Exec_Auto	0	24876122	3	0	1	0	1	1	A	1	0	0	13617	0	0	0	0	0	27181	27237	27772	28177	28456	28956	0	29197	0	0	0	0	0	0	
2	Exec_Auto	0	24876122	4	1	0	3	2	0	B	1	1	0	13617	0	0	0	0	0	31197	31254	32174	32617	32843	33343	0	33585	0	0	0	0	0	0	
2	Exec_Auto	0	24876122	5	1	0	1	2	0	B	1	1	0	13617	0	0	0	0	0	35586	35622	36339	36748	36943	37443	0	37685	0	0	0	0	0	0	
2	Exec_Auto	0	24876122	6	0	1	1	3	1	A	1	1	0	13617	0	0	0	0	0	39686	39760	41177	41601	41901	42401	0	42642	0	0	0	0	0	0	
2	Exec_Auto	0	24876122	7	0	1	3	0	1	A	1	1	0	13617	0	0	0	0	0	44642	44690	45684	46087	46346	46846	0	47086	0	0	0	0	0	0	
2	Exec_Auto	0	24876122	8	0	1	3	1	1	A	1	1	0	13617	0	0	0	0	0	49086	49157	49720	50199	50393	50893	0	51133	0	0	0	0	0	0	
2	Exec_Auto	0	24876122	9	1	0	0	2	0	B	1	1	0	13617	0	0	0	0	0	53133	53195	53764	54186	54368	54868	0	55108	0	0	0	0	0	0	
2	Exec_Auto	1	24876122	10	1	0	3	0	0	A	0	0	0	13617	0	0	0	0	0	57109	57152	58606	59137	59380	0	59880	60120	0	0	0	0	0	0	
2	Exec_Auto	1	24876122	11	1	0	1	3	0	A	0	1	0	13617	0	0	0	0	0	62120	62178	62978	63435	63796	0	64296	64537	0	0	0	0	0	0	
2	Exec_Auto	1	24876122	12	0	1	1	2	1	A	1	1	0	13617	0	0	0	0	0	66537	66570	67169	67690	67974	68474	0	68714	0	0	0	0	0	0	
2	Exec_Auto	1	24876122	13	0	1	3	0	1	A	1	1	0	13617	0	0	0	0	0	70714	70792	71327	71801	72155	72655	0	72895	0	0	0	0	0	0	
2	Exec_Auto	1	24876122	14	1	0	2	0	0	B	1	1	0	13617	0	0	0	0	0	74897	74978	75898	76332	76614	77114	0	77354	0	0	0	0	0	0	
2	Exec_Auto	1	24876122	15	0	1	2	0	1	A	1	1	0	13617	0	0	0	0	0	79354	79415	80132	80720	81037	81537	0	81778	0	0	0	0	0	0	
2	Exec_Auto	1	24876122	16	1	0	3	0	0	B	1	1	0	13617	0	0	0	0	0	83778	83846	85263	85717	86000	86500	0	86740	0	0	0	0	0	0	
2	Exec_Auto	1	24876122	17	1	0	3	0	0	B	1	1	0	13617	0	0	0	0	0	88740	88781	89775	90285	90589	91089	0	91329	0	0	0	0	0	0	
2	Exec_Auto	1	24876122	18	1	0	2	3	0	B	1	0	0	13617	0	0	0	0	0	93329	93369	93932	94404	94694	95194	0	95435	0	0	0	0	0	0	
2	Exec_Auto	1	24876122	19	1	0	3	2	0	B	1	0	0	13617	0	0	0	0	0	97436	97459	98028	98526	98858	99358	0	99601	0	0	0	0	0	0	
2	Exec_Auto	0	24876122	0	0	1	1	3	1	A	1	1	0	101602	0	0	0	0	0	101638	101707	102784	103200	103504	104004	0	104245	0	0	0	0	0	0	
2	Exec_Auto	0	24876122	1	0	1	0	1	1	A	1	1	0	101602	0	0	0	0	0	106246	106286	107698	108045	108320	108820	0	109060	0	0	0	0	0	0	
2	Exec_Auto	0	24876122	2	1	0	0	1	0	B	1	0	0	101602	0	0	0	0	0	111061	111113	112269	112762	113198	113698	0	113939	0	0	0	0	0	0	
2	Exec_Auto	0	24876122	3	1	0	0	2	0	B	1	0	0	101602	0	0	0	0	0	115940	116009	116734	117159	117415	117915	0	118155	0	0	0	0	0	0	
2	Exec_Auto	0	24876122	4	1	0	3	2	0	B	1	1	0	101602	0	0	0	0	0	120156	120212	121084	121638	122394	122894	0	123134	0	0	0	0	0	0	
2	Exec_Auto	0	24876122	5	1	0	3	1	0	B	1	1	0	101602	0	0	0	0	0	125134	125192	126416	126848	127134	127634	0	127875	0	0	0	0	0	0	
2	Exec_Auto	0	24876122	6	0	1	0	2	1	A	1	1	0	101602	0	0	0	0	0	129876	129902	131026	131467	131742	132242	0	132483	0	0	0	0	0	0	
2	Exec_Auto	0	24876122	7	1	0	3	0	0	B	1	0	0	101602	0	0	0	0	0	134484	134560	135747	136231	136553	137053	0	137293	0	0	0	0	0	0	
2	Exec_Auto	0	24876122	8	1	0	3	1	0	B	1	1	0	101602	0	0	0	0	0	139293	139351	139926	140387	140731	141231	0	141471	0	0	0	0	0	0	
2	Exec_Auto	0	24876122	9	0	1	0	1	1	A	1	0	0	101602	0	0	0	0	0	143473	143497	144739	145142	145405	145905	0	146146	0	0	0	0	0	0	
2	Exec_Auto	1	24876122	10	0	1	3	1	1	B	0	0	0	101602	0	0	0	0	0	148146	148189	149266	149808	150128	0	150628	150870	0	0	0	0	0	0	
2	Exec_Auto	1	24876122	11	0	1	0	3	1	A	1	1	0	101602	0	0	0	0	0	152870	152930	154342	154929	155269	155769	0	156009	0	0	0	0	0	0	
2	Exec_Auto	1	24876122	12	0	1	3	0	1	A	1	0	0	101602	0	0	0	0	0	158009	158075	159231	159781	160098	160598	0	160838	0	0	0	0	0	0	
2	Exec_Auto	1	24876122	13	0	1	2	1	1	A	1	1	0	101602	0	0	0	0	0	162839	162897	163622	164179	164433	164933	0	165174	0	0	0	0	0	0	
2	Exec_Auto	1	24876122	14	0	1	1	3	1	A	1	1	0	101602	0	0	0	0	0	167174	167220	168092	168575	168855	169355	0	169596	0	0	0	0	0	0	
2	Exec_Auto	1	24876122	15	1	0	0	1	0	B	1	1	0	101602	0	0	0	0	0	171596	171627	172851	173333	173699	174199	0	174439	0	0	0	0	0	0	
2	Exec_Auto	1	24876122	16	0	1	0	3	1	A	1	1	0	101602	0	0	0	0	0	176440	176502	177626	178120	178408	178908	0	179148	0	0	0	0	0	0	
2	Exec_Auto	1	24876122	17	0	1	1	0	1	A	1	0	0	101602	0	0	0	0	0	181148	181215	182402	182883	183211	183711	0	183951	0	0	0	0	0	0	
2	Exec_Auto	1	24876122	18	1	0	0	3	0	B	1	0	0	101602	0	0	0	0	0	185952	186012	186587	187038	187322	187822	0	188063	0	0	0	0	0	0	
2	Exec_Auto	1	24876122	19	0	1	0	3	1	A	1	1	0	101602	0	0	0	0	0	190063	190124	191366	191795	192164	192664	0	192904	0	0	0	0	0	0	
2	Exec_Auto	0	24876122	0	0	1	0	2	1	A	1	0	0	194905	0	0	0	0	0	194953	195020	196317	196727	197072	197572	0	197812	0	0	0	0	0	0	
2	Exec_Auto	0	24876122	1	1	0	1	0	0	B	1	1	0	194905	0	0	0	0	0	199812	199873	201280	201704	202035	202535	0	202776	0	0	0	0	0	0	
2	Exec_Auto	0	24876122	2	0	1	0	3	1	A	1	1	0	194905	0	0	0	0	0	204777	204805	206277	206681	207012	207512	0	207753	0	0	0	0	0	0	
2	Exec_Auto	0	24876122	3	0	1	0	3	1	A	1	1	0	194905	0	0	0	0	0	209753	209824	211167	211615	212141	212641	0	212882	0	0	0	0	0	0	
2	Exec_Auto	0	24876122	4	1	0	0	1	0	B	1	1	0	194905	0	0	0	0	0	214882	214918	216331	216747	217023	217523	0	217763	0	0	0	0	0	0	
2	Exec_Auto	0	24876122	5	1	0	3	1	0	B	1	1	0	194905	0	0	0	0	0	219764	219807	220512	221014	221281	221781	0	222021	0	0	0	0	0	0	
2	Exec_Auto	0	24876122	6	0	1	2	3	1	A	1	0	0	194905	0	0	0	0	0	224022	224092	225387	225810	226039	226539	0	226780	0	0	0	0	0	0	
2	Exec_Auto	0	24876122	7	1	0	2	1	0	B	1	1	0	194905	0	0	0	0	0	228781	228826	229331	229822	230206	230706	0	230947	0	0	0	0	0	0	
2	Exec_Auto	0	24876122	8	0	1	2	1	1	A	1	1	0	194905	0	0	0	0	0	232947	233013	233872	234257	234451	234951	0	235191	0	0	0	0	0	0	
2	Exec_Auto	0	24876122	9	0	1	1	3	1	A	1	1	0	194905	0	0	0	0	0	237192	237249	237863	238331	238737	239237	0	239478	0	0	0	0	0	0	
2	Exec_Auto	1	24876122	10	1	0	1	2	0	B	1	1	0	194905	0	0	0	0	0	241479	241549	242846	243263	243489	243989	0	244229	0	0	0	0	0	0	
2	Exec_Auto	1	24876122	11	1	0	3	1	0	B	1	0	0	194905	0	0	0	0	0	246230	246289	247696	248296	248664	249164	0	249404	0	0	0	0	0	0	
2	Exec_Auto	1	24876122	12	1	0	3	1	0	B	1	1	0	194905	0	0	0	0	0	251405	251468	252940	253515	253852	254352	0	254593	0	0	0	0	0	0	
2	Exec_Auto	1	24876122	13	0	1	3	0	1	B	0	0	0	194905	0	0	0	0	0	256593	256668	258011	258457	258706	0	259206	259447	0	0	0	0	0	0	
2	Exec_Auto	1	24876122	14	1	0	1	2	0	B	1	1	0	194905	0	0	0	0	0	261447	261476	262889	263314	263615	264115	0	264356	0	0	0	0	0	0	
2	Exec_Auto	1	24876122	15	0	1	0	1	1	A	1	1	0	194905	0	0	0	0	0	266359	266422	267127	267565	267877	268377	0	268618	0	0	0	0	0	0	
2	Exec_Auto	1	24876122	16	0	1	1	0	1	A	1	1	0	194905	0	0	0	0	0	270618	270675	271970	272408	272807	273307	0	273547	0	0	0	0	0	0	
2	Exec_Auto	1	24876122	17	0	1	1	3	1	A	1	1	0	194905	0	0	0	0	0	275548	275601	276106	276654	276972	277472	0	277714	0	0	0	0	0	0	
2	Exec_Auto	1	24876122	18	0	1	2	3	1	A	1	0	0	194905	0	0	0	0	0	279715	279746	280605	281097	281410	281910	0	282151	0	0	0	0	0	0	
2	Exec_Auto	1	24876122	19	0	1	0	3	1	A	1	1	0	194905	0	0	0	0	0	284152	284223	284837	285314	285656	286156	0	286396	0	0	0	0	0	0	
2	Exec_Auto	0	24876122	0	1	0	0	1	0	B	1	1	0	288397	0	0	0	0	0	288457	288531	289793	290248	290628	291128	0	291368	0	0	0	0	0	0	
2	Exec_Auto	0	24876122	1	1	0	2	1	0	B	1	1	0	288397	0	0	0	0	0	293368	293434	294806	295224	295523	296023	0	296263	0	0	0	0	0	0	
2	Exec_Auto	0	24876122	2	0	1	0	2	1	A	1	1	0	288397	0	0	0	0	0	298264	298323	299754	300215	300581	301081	0	301322	0	0	0	0	0	0	
2	Exec_Auto	0	24876122	3	0	1	1	3	1	A	1	1	0	288397	0	0	0	0	0	303322	303367	304219	304645	305010	305510	0	305750	0	0	0	0	0	0	
2	Exec_Auto	0	24876122	4	1	0	0	1	0	B	1	0	0	288397	0	0	0	0	0	307751	307811	308711	309175	309500	310000	0	310240	0	0	0	0	0	0	
2	Exec_Auto	0	24876122	5	0	1	3	2	1	A	1	1	0	288397	0	0	0	0	0	312242	312298	313472	313887	314162	314662	0	314903	0	0	0	0	0	0	
2	Exec_Auto	0	24876122	6	1	0	0	2	0	B	1	1	0	288397	0	0	0	0	0	316903	316970	318223	318642	318838	319338	0	319579	0	0	0	0	0	0	
2	Exec_Auto	0	24876122	7	1	0	0	2	0	B	1	0	0	288397	0	0	0	0	0	321580	321646	322769	323218	323427	323927	0	324167	0	0	0	0	0	0	
2	Exec_Auto	0	24876122	8	1	0	0	1	0	B	1	0	0	288397	0	0	0	0	0	326168	326202	326949	327425	327752	328252	0	328493	0	0	0	0	0	0	
2	Exec_Auto	0	24876122	9	1	0	1	0	0	B	1	1	0	288397	0	0	0	0	0	330493	330560	331524	332001	332268	332768	0	333009	0	0	0	0	0	0	
2	Exec_Auto	1	24876122	10	1	0	3	1	0	B	1	0	0	288397	0	0	0	0	0	335009	335074	336336	336899	337233	337733	0	337974	0	0	0	0	0	0	
2	Exec_Auto	1	24876122	11	0	1	1	3	1	B	0	0	0	288397	0	0	0	0	0	339975	340042	341414	341975	342293	0	342793	343034	0	0	0	0	0	0	
2	Exec_Auto	1	24876122	12	0	1	1	2	1	A	1	0	0	288397	0	0	0	0	0	345035	345056	346487	346928	347267	347767	0	348008	0	0	0	0	0	0	
2	Exec_Auto	1	24876122	13	0	1	3	1	1	A	1	1	0	288397	0	0	0	0	0	350009	350072	350924	351415	351746	352246	0	352487	0	0	0	0	0	0	
2	Exec_Auto	1	24876122	14	0	1	1	0	1	B	0	0	0	288397	0	0	0	0	0	354487	354519	355419	355901	356334	0	356834	357074	0	0	0	0	0	0	
2	Exec_Auto	1	24876122	15	0	1	3	2	1	A	1	1	0	288397	0	0	0	0	0	359074	359128	360302	360798	361067	361567	0	361811	0	0	0	0	0	0	
2	Exec_Auto	1	24876122	16	1	0	1	2	0	B	1	1	0	288397	0	0	0	0	0	363811	363841	365094	365463	365766	366266	0	366507	0	0	0	0	0	0	
2	Exec_Auto	1	24876122	17	1	0	3	2	0	B	1	0	0	288397	0	0	0	0	0	368508	368574	369697	370138	370372	370872	0	371113	0	0	0	0	0	0	
2	Exec_Auto	1	24876122	18	1	0	2	1	0	A	0	0	0	288397	0	0	0	0	0	373114	373147	373894	374482	374909	0	375409	375650	0	0	0	0	0	0	
2	Exec_Auto	1	24876122	19	0	1	2	0	1	A	1	1	0	288397	0	0	0	0	0	377650	377699	378663	379198	379988	380488	0	380729	0	0	0	0	0	0	
2	Exec_Auto	0	24876122	0	1	0	3	1	0	B	1	0	0	382730	0	0	0	0	0	382758	382840	383723	384186	384533	385033	0	385274	0	0	0	0	0	0	
2	Exec_Auto	0	24876122	1	1	0	3	1	0	B	1	1	0	382730	0	0	0	0	0	387275	387309	388279	388806	391217	391717	0	391957	0	0	0	0	0	0	
2	Exec_Auto	0	24876122	2	1	0	3	1	0	B	1	1	0	382730	0	0	0	0	0	393957	394026	395295	395761	396090	396590	0	396831	0	0	0	0	0	0	
2	Exec_Auto	0	24876122	3	0	1	0	1	1	A	1	1	0	382730	0	0	0	0	0	398832	398852	400134	400525	400755	401255	0	401496	0	0	0	0	0	0	
2	Exec_Auto	0	24876122	4	1	0	3	1	0	B	1	0	0	382730	0	0	0	0	0	403497	403552	404906	405377	405646	406146	0	406387	0	0	0	0	0	0	
2	Exec_Auto	0	24876122	5	0	1	1	2	1	A	1	1	0	382730	0	0	0	0	0	408387	408451	409810	410238	410525	411025	0	411266	0	0	0	0	0	0	
2	Exec_Auto	0	24876122	6	0	1	2	1	1	A	1	0	0	382730	0	0	0	0	0	413267	413297	414712	415048	415341	415841	0	416082	0	0	0	0	0	0	
2	Exec_Auto	0	24876122	7	1	0	3	1	0	B	1	0	0	382730	0	0	0	0	0	418083	418150	419495	419938	420238	420738	0	420979	0	0	0	0	0	0	
2	Exec_Auto	0	24876122	8	1	0	1	2	0	B	1	1	0	382730	0	0	0	0	0	422979	423040	423874	424325	424565	425065	0	425305	0	0	0	0	0	0	
2	Exec_Auto	0	24876122	9	0	1	1	0	1	A	1	0	0	382730	0	0	0	0	0	427305	427376	428269	428765	429050	429550	0	429790	0	0	0	0	0	0	
2	Exec_Auto	1	24876122	10	1	0	3	0	0	A	0	1	0	382730	0	0	0	0	0	431792	431862	432745	433351	433624	0	434124	434364	0	0	0	0	0	0	
2	Exec_Auto	1	24876122	11	1	0	2	1	0	B	1	0	0	382730	0	0	0	0	0	436364	436441	437411	437881	438193	438693	0	438934	0	0	0	0	0	0	
2	Exec_Auto	1	24876122	12	0	1	3	2	1	A	1	1	0	382730	0	0	0	0	0	440935	440964	442233	442691	443665	444165	0	444406	0	0	0	0	0	0	
2	Exec_Auto	1	24876122	13	0	1	2	3	1	A	1	1	0	382730	0	0	0	0	0	446406	446438	447720	448232	448490	448990	0	449231	0	0	0	0	0	0	
2	Exec_Auto	1	24876122	14	1	0	1	3	0	B	1	1	0	382730	0	0	0	0	0	451231	451277	452631	453075	453303	453803	0	454043	0	0	0	0	0	0	
2	Exec_Auto	1	24876122	15	0	1	1	2	1	A	1	1	0	382730	0	0	0	0	0	456043	456105	457464	457929	458239	458739	0	458979	0	0	0	0	0	0	
2	Exec_Auto	1	24876122	16	0	1	0	2	1	A	1	1	0	382730	0	0	0	0	0	460980	461041	462456	462871	463237	463737	0	463978	0	0	0	0	0	0	
2	Exec_Auto	1	24876122	17	1	0	3	2	0	A	0	0	0	382730	0	0	0	0	0	465979	466016	467361	467812	468077	0	468577	468818	0	0	0	0	0	0	
2	Exec_Auto	1	24876122	18	1	0	1	3	0	B	1	0	0	382730	0	0	0	0	0	470818	470873	471707	472201	472475	472975	0	473216	0	0	0	0	0	0	
2	Exec_Auto	1	24876122	19	0	1	2	1	1	A	1	0	0	382730	0	0	0	0	0	475217	475334	476227	476679	476883	477383	0	477624	0	0	0	0	0	0	
2	Exec_Auto	0	24876122	0	0	1	1	3	1	A	1	0	0	479628	0	0	0	0	0	479684	479749	481121	481531	481873	482373	0	482614	0	0	0	0	0	0	
2	Exec_Auto	0	24876122	1	0	1	2	0	1	A	1	1	0	479628	0	0	0	0	0	484614	484651	485901	486482	486779	487279	0	487519	0	0	0	0	0	0	
2	Exec_Auto	0	24876122	2	1	0	0	2	0	B	1	1	0	479628	0	0	0	0	0	489521	489572	491063	491479	491652	492152	0	492392	0	0	0	0	0	0	
2	Exec_Auto	0	24876122	3	0	1	3	1	1	A	1	0	0	479628	0	0	0	0	0	494392	494451	495900	496286	496567	497067	0	497307	0	0	0	0	0	0	
2	Exec_Auto	0	24876122	4	0	1	3	0	1	A	1	1	0	479628	0	0	0	0	0	499307	499366	500823	501265	501516	502016	0	502257	0	0	0	0	0	0	
2	Exec_Auto	0	24876122	5	0	1	3	1	1	A	1	0	0	479628	0	0	0	0	0	504258	504322	504867	505287	505544	506044	0	506285	0	0	0	0	0	0	
2	Exec_Auto	0	24876122	6	1	0	0	1	0	B	1	1	0	479628	0	0	0	0	0	508286	508340	509676	510133	510418	510918	0	511159	0	0	0	0	0	0	
2	Exec_Auto	0	24876122	7	0	1	0	3	1	A	1	1	0	479628	0	0	0	0	0	513159	513190	513801	514295	514517	515017	0	515257	0	0	0	0	0	0	
2	Exec_Auto	0	24876122	8	1	0	3	1	0	B	1	0	0	479628	0	0	0	0	0	517257	517292	518047	518459	518761	519261	0	519501	0	0	0	0	0	0	
2	Exec_Auto	0	24876122	9	0	1	1	2	1	B	0	0	0	479628	0	0	0	0	0	521501	521562	522610	523043	523400	0	523900	524142	0	0	0	0	0	0	
2	Exec_Auto	1	24876122	10	0	1	1	3	1	B	0	0	0	479628	0	0	0	0	0	526143	526198	527570	528031	528273	0	528773	529014	0	0	0	0	0	0	
2	Exec_Auto	1	24876122	11	1	0	3	1	0	B	1	1	0	479628	0	0	0	0	0	531014	531082	532332	532794	533114	533614	0	533855	0	0	0	0	0	0	
2	Exec_Auto	1	24876122	12	0	1	3	1	1	A	1	1	0	479628	0	0	0	0	0	535857	535928	537419	537826	538124	538624	0	538865	0	0	0	0	0	0	
2	Exec_Auto	1	24876122	13	0	1	1	3	1	B	0	1	0	479628	0	0	0	0	0	540866	540908	542357	542771	543048	0	543548	543789	0	0	0	0	0	0	
2	Exec_Auto	1	24876122	14	0	1	3	0	1	A	1	1	0	479628	0	0	0	0	0	545789	545860	547317	547793	548154	548654	0	548895	0	0	0	0	0	0	
2	Exec_Auto	1	24876122	15	1	0	0	3	0	B	1	1	0	479628	0	0	0	0	0	550898	550956	551501	551991	552211	552711	0	552952	0	0	0	0	0	0	
2	Exec_Auto	1	24876122	16	1	0	0	3	0	B	1	1	0	479628	0	0	0	0	0	554952	554975	556311	556701	556978	557478	0	557719	0	0	0	0	0	0	
2	Exec_Auto	1	24876122	17	0	1	3	2	1	A	1	1	0	479628	0	0	0	0	0	559719	559788	560399	560821	561126	561626	0	561866	0	0	0	0	0	0	
2	Exec_Auto	1	24876122	18	1	0	1	0	0	B	1	1	0	479628	0	0	0	0	0	563867	563939	564694	565084	565367	565867	0	566107	0	0	0	0	0	0	
2	Exec_Auto	1	24876122	19	1	0	3	1	0	B	1	1	0	479628	0	0	0	0	0	568107	568166	569214	569627	569937	570437	0	570677	0	0	0	0	0	0	
2	Exec_Auto	0	24876122	0	0	1	0	3	1	A	1	1	0	572678	0	0	0	0	0	572702	572761	573959	574379	574750	575250	0	575491	0	0	0	0	0	0	
2	Exec_Auto	0	24876122	1	1	0	3	1	0	B	1	0	0	572678	0	0	0	0	0	577492	577563	578435	578865	579194	579694	0	579934	0	0	0	0	0	0	
2	Exec_Auto	0	24876122	2	0	1	2	0	1	A	1	0	0	572678	0	0	0	0	0	581934	581979	583192	583585	583849	584349	0	584590	0	0	0	0	0	0	
2	Exec_Auto	0	24876122	3	1	0	1	0	0	B	1	1	0	572678	0	0	0	0	0	586590	586655	588096	588535	588907	589407	0	589648	0	0	0	0	0	0	
2	Exec_Auto	0	24876122	4	0	1	3	1	1	A	1	1	0	572678	0	0	0	0	0	591649	591699	592226	592644	592995	593495	0	593735	0	0	0	0	0	0	
2	Exec_Auto	0	24876122	5	1	0	1	2	0	B	1	1	0	572678	0	0	0	0	0	595736	595806	596878	597321	597517	598017	0	598258	0	0	0	0	0	0	
2	Exec_Auto	0	24876122	6	0	1	2	3	1	A	1	1	0	572678	0	0	0	0	0	600259	600333	601370	601796	601963	602463	0	602703	0	0	0	0	0	0	
2	Exec_Auto	0	24876122	7	1	0	3	1	0	B	1	0	0	572678	0	0	0	0	0	604704	604745	606008	606418	606711	607211	0	607451	0	0	0	0	0	0	
2	Exec_Auto	0	24876122	8	0	1	1	3	1	A	1	1	0	572678	0	0	0	0	0	609452	609488	610833	611350	611683	612183	0	612424	0	0	0	0	0	0	
2	Exec_Auto	0	24876122	9	0	1	3	2	1	A	1	1	0	572678	0	0	0	0	0	614425	614500	615586	615961	616264	616764	0	617005	0	0	0	0	0	0	
2	Exec_Auto	1	24876122	10	0	1	2	1	1	A	1	1	0	572678	0	0	0	0	0	619005	619058	620256	620706	621004	621504	0	621745	0	0	0	0	0	0	
2	Exec_Auto	1	24876122	11	1	0	0	2	0	B	1	0	0	572678	0	0	0	0	0	623745	623814	624686	625139	625341	625841	0	626082	0	0	0	0	0	0	
2	Exec_Auto	1	24876122	12	1	0	2	1	0	B	1	0	0	572678	0	0	0	0	0	628082	628155	629368	629858	630268	630768	0	631008	0	0	0	0	0	0	
2	Exec_Auto	1	24876122	13	0	1	2	0	1	A	1	1	0	572678	0	0	0	0	0	633010	633089	634530	634988	635218	635718	0	635959	0	0	0	0	0	0	
2	Exec_Auto	1	24876122	14	1	0	3	1	0	B	1	1	0	572678	0	0	0	0	0	637959	637993	638520	639056	639356	639856	0	640097	0	0	0	0	0	0	
2	Exec_Auto	1	24876122	15	0	1	0	1	1	A	1	1	0	572678	0	0	0	0	0	642098	642176	643248	643674	643994	644494	0	644735	0	0	0	0	0	0	
2	Exec_Auto	1	24876122	16	1	0	0	3	0	B	1	1	0	572678	0	0	0	0	0	646738	646798	647835	648249	648493	648993	0	649234	0	0	0	0	0	0	
2	Exec_Auto	1	24876122	17	1	0	2	1	0	B	1	1	0	572678	0	0	0	0	0	651234	651307	652570	653013	653338	653838	0	654078	0	0	0	0	0	0	
2	Exec_Auto	1	24876122	18	0	1	3	2	1	A	1	1	0	572678	0	0	0	0	0	656080	656150	657495	657902	658504	659004	0	659245	0	0	0	0	0	0	
2	Exec_Auto	1	24876122	19	1	0	0	1	0	B	1	0	0	572678	0	0	0	0	0	661245	661323	662409	662880	663164	663664	0	663904	0	0	0	0	0	0	
2	Exec_Auto	0	24876122	0	0	1	0	3	1	A	1	1	0	665907	0	0	0	0	0	665958	666021	667371	667768	668065	668565	0	668806	0	0	0	0	0	0	
2	Exec_Auto	0	24876122	1	1	0	0	1	0	B	1	1	0	665907	0	0	0	0	0	670806	670870	671476	671943	672224	672724	0	672964	0	0	0	0	0	0	
2	Exec_Auto	0	24876122	2	1	0	0	3	0	B	1	0	0	665907	0	0	0	0	0	674965	675048	676474	676831	677302	677802	0	678042	0	0	0	0	0	0	
2	Exec_Auto	0	24876122	3	0	1	1	3	1	A	1	1	0	665907	0	0	0	0	0	680043	680108	680665	681085	681396	681896	0	682137	0	0	0	0	0	0	
2	Exec_Auto	0	24876122	4	1	0	3	1	0	B	1	1	0	665907	0	0	0	0	0	684138	684175	685147	685563	685852	686352	0	686592	0	0	0	0	0	0	
2	Exec_Auto	0	24876122	5	0	1	1	2	1	A	1	0	0	665907	0	0	0	0	0	688593	688625	690098	690514	690819	691319	0	691559	0	0	0	0	0	0	
2	Exec_Auto	0	24876122	6	1	0	2	1	0	B	1	1	0	665907	0	0	0	0	0	693560	693577	694802	695233	695519	696019	0	696260	0	0	0	0	0	0	
2	Exec_Auto	0	24876122	7	0	1	1	0	1	A	1	1	0	665907	0	0	0	0	0	698260	698316	699032	699578	699884	700384	0	700627	0	0	0	0	0	0	
2	Exec_Auto	0	24876122	8	1	0	1	2	0	B	1	1	0	665907	0	0	0	0	0	702627	702705	703576	703976	704358	704858	0	705099	0	0	0	0	0	0	
2	Exec_Auto	0	24876122	9	1	0	3	1	0	B	1	1	0	665907	0	0	0	0	0	707099	707169	708262	708684	708969	709469	0	709710	0	0	0	0	0	0	
2	Exec_Auto	1	24876122	10	1	0	1	2	0	B	1	1	0	665907	0	0	0	0	0	711710	711782	713132	713537	713751	714251	0	714491	0	0	0	0	0	0	
2	Exec_Auto	1	24876122	11	0	1	0	3	1	A	1	1	0	665907	0	0	0	0	0	716492	716517	717123	717526	717842	718342	0	718583	0	0	0	0	0	0	
2	Exec_Auto	1	24876122	12	0	1	1	2	1	B	0	1	0	665907	0	0	0	0	0	720583	720662	722088	722467	722768	0	723268	723510	0	0	0	0	0	0	
2	Exec_Auto	1	24876122	13	0	1	0	1	1	A	1	1	0	665907	0	0	0	0	0	725511	725534	726091	726541	726826	727326	0	727567	0	0	0	0	0	0	
2	Exec_Auto	1	24876122	14	1	0	2	0	0	B	1	0	0	665907	0	0	0	0	0	729567	729635	730607	731063	731428	731928	0	732168	0	0	0	0	0	0	
2	Exec_Auto	1	24876122	15	0	1	3	1	1	A	1	0	0	665907	0	0	0	0	0	734168	734211	735684	736237	736475	736975	0	737216	0	0	0	0	0	0	
2	Exec_Auto	1	24876122	16	1	0	2	3	0	B	1	0	0	665907	0	0	0	0	0	739219	739278	740503	741001	741279	741779	0	742020	0	0	0	0	0	0	
2	Exec_Auto	1	24876122	17	1	0	1	2	0	B	1	1	0	665907	0	0	0	0	0	744022	744077	744793	745210	745527	746027	0	746267	0	0	0	0	0	0	
2	Exec_Auto	1	24876122	18	1	0	0	2	0	B	1	0	0	665907	0	0	0	0	0	748268	748324	749195	749608	749828	750328	0	750569	0	0	0	0	0	0	
2	Exec_Auto	1	24876122	19	0	1	2	3	1	A	1	1	0	665907	0	0	0	0	0	752569	752603	753696	754132	754328	754828	0	755068	0	0	0	0	0	0	
2	Exec_Auto	0	24876122	0	0	1	0	3	1	A	1	1	0	757069	0	0	0	0	0	757082	757155	757872	758250	758509	759009	0	759251	0	0	0	0	0	0	
2	Exec_Auto	0	24876122	1	0	1	0	1	1	A	1	1	0	757069	0	0	0	0	0	761251	761317	762328	762738	762999	763499	0	763739	0	0	0	0	0	0	
2	Exec_Auto	0	24876122	2	1	0	3	2	0	B	1	0	0	757069	0	0	0	0	0	765740	765800	766397	766846	767027	767527	0	767767	0	0	0	0	0	0	
2	Exec_Auto	0	24876122	3	1	0	0	1	0	B	1	1	0	757069	0	0	0	0	0	769768	769839	771179	771604	771917	772417	0	772659	0	0	0	0	0	0	
2	Exec_Auto	0	24876122	4	1	0	0	3	0	B	1	1	0	757069	0	0	0	0	0	774660	774689	776062	776446	776812	777312	0	777553	0	0	0	0	0	0	
2	Exec_Auto	0	24876122	5	1	0	2	3	0	B	1	1	0	757069	0	0	0	0	0	779553	779586	780959	781387	781602	782102	0	782342	0	0	0	0	0	0	
2	Exec_Auto	0	24876122	6	0	1	2	0	1	A	1	0	0	757069	0	0	0	0	0	784343	784412	785784	786142	786372	786872	0	787112	0	0	0	0	0	0	
2	Exec_Auto	0	24876122	7	1	0	2	1	0	B	1	1	0	757069	0	0	0	0	0	789113	789167	790046	790450	790816	791316	0	791556	0	0	0	0	0	0	
2	Exec_Auto	0	24876122	8	1	0	0	2	0	B	1	1	0	757069	0	0	0	0	0	793558	793619	795027	795427	795635	796135	0	796376	0	0	0	0	0	0	
2	Exec_Auto	0	24876122	9	1	0	3	0	0	B	1	0	0	757069	0	0	0	0	0	798377	798434	799907	800324	800652	801152	0	801394	0	0	0	0	0	0	
2	Exec_Auto	1	24876122	10	1	0	2	3	0	B	1	1	0	757069	0	0	0	0	0	803395	803421	804138	804578	804803	805303	0	805544	0	0	0	0	0	0	
2	Exec_Auto	1	24876122	11	0	1	1	0	1	B	0	1	0	757069	0	0	0	0	0	807544	807616	808627	809065	809498	0	809998	810238	0	0	0	0	0	0	
2	Exec_Auto	1	24876122	12	1	0	3	1	0	A	0	0	0	757069	0	0	0	0	0	812238	812295	812892	813408	814170	0	814670	814911	0	0	0	0	0	0	
2	Exec_Auto	1	24876122	13	0	1	2	3	1	A	1	0	0	757069	0	0	0	0	0	816912	816971	818311	818771	819102	819602	0	819843	0	0	0	0	0	0	
2	Exec_Auto	1	24876122	14	0	1	1	0	1	A	1	1	0	757069	0	0	0	0	0	821844	821916	823289	823803	824196	824696	0	824937	0	0	0	0	0	0	
2	Exec_Auto	1	24876122	15	1	0	1	3	0	B	1	1	0	757069	0	0	0	0	0	826938	827009	828382	828745	829059	829559	0	829800	0	0	0	0	0	0	
2	Exec_Auto	1	24876122	16	1	0	1	0	0	B	1	0	0	757069	0	0	0	0	0	831801	831871	833243	833687	834057	834557	0	834797	0	0	0	0	0	0	
2	Exec_Auto	1	24876122	17	1	0	1	3	0	B	1	1	0	757069	0	0	0	0	0	836797	836830	837709	838170	838410	838910	0	839150	0	0	0	0	0	0	
2	Exec_Auto	1	24876122	18	0	1	0	2	1	A	1	1	0	757069	0	0	0	0	0	841150	841210	842618	843022	843386	843886	0	844126	0	0	0	0	0	0	
2	Exec_Auto	1	24876122	19	0	1	0	2	1	A	1	1	0	757069	0	0	0	0	0	846126	846183	847656	848100	848413	848913	0	849153	0	0	0	0	0	0	
2	Exec_Auto	0	24876122	0	1	0	3	2	0	B	1	1	0	851157	0	0	0	0	0	851172	851227	851732	852131	852425	852925	0	853166	0	0	0	0	0	0	
2	Exec_Auto	0	24876122	1	0	1	2	3	1	A	1	1	0	851157	0	0	0	0	0	855167	855212	856165	856616	856958	857458	0	857699	0	0	0	0	0	0	
2	Exec_Auto	0	24876122	2	1	0	2	3	0	B	1	0	0	851157	0	0	0	0	0	859701	859724	861215	861593	861964	862464	0	862706	0	0	0	0	0	0	
2	Exec_Auto	0	24876122	3	0	1	0	3	1	A	1	1	0	851157	0	0	0	0	0	864707	864731	866127	866571	866877	867377	0	867618	0	0	0	0	0	0	
2	Exec_Auto	0	24876122	4	0	1	3	2	1	A	1	0	0	851157	0	0	0	0	0	869619	869687	870562	870967	871326	871826	0	872067	0	0	0	0	0	0	
2	Exec_Auto	0	24876122	5	0	1	2	1	1	A	1	1	0	851157	0	0	0	0	0	874068	874127	875032	875400	875658	876158	0	876398	0	0	0	0	0	0	
2	Exec_Auto	0	24876122	6	0	1	3	0	1	A	1	1	0	851157	0	0	0	0	0	878398	878434	879932	880387	880610	881110	0	881351	0	0	0	0	0	0	
2	Exec_Auto	0	24876122	7	0	1	2	0	1	A	1	1	0	851157	0	0	0	0	0	883352	883417	884601	884997	885210	885710	0	885950	0	0	0	0	0	0	
2	Exec_Auto	0	24876122	8	1	0	3	2	0	B	1	1	0	851157	0	0	0	0	0	887953	888013	888728	889127	889477	889977	0	890217	0	0	0	0	0	0	
2	Exec_Auto	0	24876122	9	1	0	3	2	0	B	1	1	0	851157	0	0	0	0	0	892217	892287	893517	893936	894124	894624	0	894865	0	0	0	0	0	0	
2	Exec_Auto	1	24876122	10	1	0	2	1	0	B	1	1	0	851157	0	0	0	0	0	896866	896893	897398	897823	898108	898608	0	898849	0	0	0	0	0	0	
2	Exec_Auto	1	24876122	11	1	0	3	1	0	B	1	1	0	851157	0	0	0	0	0	900850	900922	901875	902346	902660	903160	0	903401	0	0	0	0	0	0	
2	Exec_Auto	1	24876122	12	1	0	1	2	0	B	1	1	0	851157	0	0	0	0	0	905401	905472	906963	907324	907615	908115	0	908356	0	0	0	0	0	0	
2	Exec_Auto	1	24876122	13	0	1	2	1	1	A	1	1	0	851157	0	0	0	0	0	910358	910427	911823	912221	912599	913099	0	913339	0	0	0	0	0	0	
2	Exec_Auto	1	24876122	14	0	1	2	0	1	A	1	1	0	851157	0	0	0	0	0	915340	915420	916295	916707	916957	917457	0	917698	0	0	0	0	0	0	
2	Exec_Auto	1	24876122	15	1	0	2	1	0	B	1	1	0	851157	0	0	0	0	0	919701	919762	920667	921059	921359	921859	0	922100	0	0	0	0	0	0	
2	Exec_Auto	1	24876122	16	0	1	3	2	1	A	1	1	0	851157	0	0	0	0	0	924101	924133	925631	926012	926429	926929	0	927170	0	0	0	0	0	0	
2	Exec_Auto	1	24876122	17	1	0	3	1	0	B	1	0	0	851157	0	0	0	0	0	929171	929239	930423	930863	931191	931691	0	931932	0	0	0	0	0	0	
2	Exec_Auto	1	24876122	18	1	0	0	1	0	B	1	1	0	851157	0	0	0	0	0	933932	933951	934666	935064	935382	935882	0	936123	0	0	0	0	0	0	
2	Exec_Auto	1	24876122	19	0	1	1	0	1	A	1	0	0	851157	0	0	0	0	0	938123	938197	939427	939863	940184	940684	0	940924	0	0	0	0	0	0	
2	Exec_Auto	0	24876122	0	0	1	3	2	1	A	1	0	0	942926	0	0	0	0	0	942947	943032	944486	944896	945216	945716	0	945957	0	0	0	0	0	0	
2	Exec_Auto	0	24876122	1	1	0	3	1	0	B	1	1	0	942926	0	0	0	0	0	947957	948017	948533	949015	949349	949849	0	950090	0	0	0	0	0	0	
2	Exec_Auto	0	24876122	2	0	1	2	0	1	A	1	0	0	942926	0	0	0	0	0	952091	952149	953301	953682	953915	954415	0	954655	0	0	0	0	0	0	
2	Exec_Auto	0	24876122	3	1	0	3	1	0	B	1	1	0	942926	0	0	0	0	0	956657	956683	957565	958024	958379	958879	0	959121	0	0	0	0	0	0	
2	Exec_Auto	0	24876122	4	0	1	0	2	1	A	1	1	0	942926	0	0	0	0	0	961122	961148	961656	962090	962359	962859	0	963100	0	0	0	0	0	0	
2	Exec_Auto	0	24876122	5	0	1	0	2	1	A	1	1	0	942926	0	0	0	0	0	965101	965161	965727	966155	966441	966941	0	967181	0	0	0	0	0	0	
2	Exec_Auto	0	24876122	6	0	1	2	0	1	A	1	0	0	942926	0	0	0	0	0	969184	969250	970350	970776	971007	971507	0	971747	0	0	0	0	0	0	
2	Exec_Auto	0	24876122	7	1	0	0	2	0	B	1	1	0	942926	0	0	0	0	0	973748	973816	975049	975451	975722	976222	0	976463	0	0	0	0	0	0	
2	Exec_Auto	0	24876122	8	0	1	3	2	1	A	1	1	0	942926	0	0	0	0	0	978463	978508	979197	979651	979924	980424	0	980664	0	0	0	0	0	0	
2	Exec_Auto	0	24876122	9	0	1	0	2	1	A	1	1	0	942926	0	0	0	0	0	982664	982732	983323	983716	984100	984600	0	984840	0	0	0	0	0	0	
2	Exec_Auto	1	24876122	10	0	1	3	1	1	A	1	1	0	942926	0	0	0	0	0	986841	986874	988328	988756	989138	989638	0	989878	0	0	0	0	0	0	
2	Exec_Auto	1	24876122	11	0	1	0	3	1	A	1	1	0	942926	0	0	0	0	0	991879	991908	992424	992867	993313	993813	0	994053	0	0	0	0	0	0	
2	Exec_Auto	1	24876122	12	1	0	2	3	0	B	1	1	0	942926	0	0	0	0	0	996055	996110	997262	997666	997978	998478	0	998718	0	0	0	0	0	0	
2	Exec_Auto	1	24876122	13	0	1	2	1	1	A	1	1	0	942926	0	0	0	0	0	1000718	1000739	1001621	1002054	1002478	1002978	0	1003220	0	0	0	0	0	0	
2	Exec_Auto	1	24876122	14	1	0	0	2	0	B	1	1	0	942926	0	0	0	0	0	1005220	1005289	1005797	1006253	1006454	1006954	0	1007194	0	0	0	0	0	0	
2	Exec_Auto	1	24876122	15	0	1	2	0	1	A	1	0	0	942926	0	0	0	0	0	1009194	1009238	1009804	1010273	1010477	1010977	0	1011219	0	0	0	0	0	0	
2	Exec_Auto	1	24876122	16	1	0	2	3	0	B	1	0	0	942926	0	0	0	0	0	1013219	1013295	1014395	1014851	1015249	1015749	0	1015990	0	0	0	0	0	0	
2	Exec_Auto	1	24876122	17	1	0	0	2	0	A	0	0	0	942926	0	0	0	0	0	1017990	1018037	1019270	1019747	1020102	0	1020602	1020843	0	0	0	0	0	0	
2	Exec_Auto	1	24876122	18	0	1	2	3	1	A	1	1	0	942926	0	0	0	0	0	1022844	1022903	1023592	1024001	1024417	1024917	0	1025158	0	0	0	0	0	0	
2	Exec_Auto	1	24876122	19	1	0	2	3	0	B	1	1	0	942926	0	0	0	0	0	1027158	1027232	1027823	1028253	1028603	1029103	0	1029344	0	0	0	0	0	0	
2	Exec_Auto	0	24876122	0	1	0	0	1	0	B	1	0	0	1031346	0	0	0	0	0	1031374	1031452	1032044	1032474	1032755	1033255	0	1033496	0	0	0	0	0	0	
2	Exec_Auto	0	24876122	1	1	0	1	2	0	B	1	1	0	1031346	0	0	0	0	0	1035496	1035551	1036244	1036692	1036927	1037427	0	1037668	0	0	0	0	0	0	
2	Exec_Auto	0	24876122	2	1	0	2	3	0	B	1	1	0	1031346	0	0	0	0	0	1039669	1039706	1040950	1041367	1041867	1042367	0	1042610	0	0	0	0	0	0	
2	Exec_Auto	0	24876122	3	1	0	0	1	0	B	1	1	0	1031346	0	0	0	0	0	1044611	1044665	1045629	1046032	1046352	1046852	0	1047092	0	0	0	0	0	0	
2	Exec_Auto	0	24876122	4	0	1	3	1	1	A	1	1	0	1031346	0	0	0	0	0	1049093	1049165	1050244	1050572	1050878	1051378	0	1051619	0	0	0	0	0	0	
2	Exec_Auto	0	24876122	5	0	1	2	1	1	A	1	0	0	1031346	0	0	0	0	0	1053620	1053687	1054914	1055381	1055659	1056159	0	1056400	0	0	0	0	0	0	
2	Exec_Auto	0	24876122	6	0	1	1	3	1	A	1	1	0	1031346	0	0	0	0	0	1058400	1058470	1059844	1060314	1060681	1061181	0	1061422	0	0	0	0	0	0	
2	Exec_Auto	0	24876122	7	0	1	2	1	1	A	1	0	252	1031346	0	0	0	0	0	1063423	1063458	1064532	1064924	1065189	0	0	1068393	0	0	1065193	0	0	0	
2	Exec_Auto	0	24876122	7	0	1	2	1	1	A	1	1	0	1031346	0	0	0	0	0	1070393	1070450	1071524	1071967	1072422	1072922	0	1073162	0	0	0	0	0	0	
2	Exec_Auto	0	24876122	8	0	1	0	2	1	A	1	0	0	1031346	0	0	0	0	0	1075162	1075227	1075999	1076443	1076791	1077291	0	1077532	0	0	0	0	0	0	
2	Exec_Auto	0	24876122	9	1	0	0	2	0	B	1	1	0	1031346	0	0	0	0	0	1079532	1079600	1080344	1080788	1080981	1081481	0	1081722	0	0	0	0	0	0	
2	Exec_Auto	1	24876122	10	1	0	1	3	0	B	1	0	0	1031346	0	0	0	0	0	1083723	1083753	1084345	1084809	1085224	1085724	0	1085964	0	0	0	0	0	0	
2	Exec_Auto	1	24876122	11	0	1	1	2	1	A	1	0	0	1031346	0	0	0	0	0	1087965	1087996	1088689	1089117	1089434	1089934	0	1090175	0	0	0	0	0	0	
2	Exec_Auto	1	24876122	12	0	1	2	1	1	A	1	1	0	1031346	0	0	0	0	0	1092178	1092247	1093491	1093872	1094326	1094826	0	1095066	0	0	0	0	0	0	
2	Exec_Auto	1	24876122	13	0	1	0	3	1	A	1	1	0	1031346	0	0	0	0	0	1097066	1097140	1098104	1098536	1098852	1099352	0	1099592	0	0	0	0	0	0	
2	Exec_Auto	1	24876122	14	0	1	2	3	1	A	1	1	0	1031346	0	0	0	0	0	1101592	1101651	1102730	1103166	1103384	1103884	0	1104125	0	0	0	0	0	0	
2	Exec_Auto	1	24876122	15	0	1	2	1	1	A	1	1	0	1031346	0	0	0	0	0	1106126	1106173	1107400	1107831	1107998	1108498	0	1108738	0	0	0	0	0	0	
2	Exec_Auto	1	24876122	16	0	1	0	3	1	A	1	1	0	1031346	0	0	0	0	0	1110741	1110806	1112180	1112630	1113057	1113557	0	1113797	0	0	0	0	0	0	
2	Exec_Auto	1	24876122	17	1	0	0	2	0	B	1	1	0	1031346	0	0	0	0	0	1115798	1115860	1116934	1117382	1117597	1118097	0	1118338	0	0	0	0	0	0	
2	Exec_Auto	1	24876122	18	0	1	0	3	1	A	1	1	0	1031346	0	0	0	0	0	1120338	1120407	1121179	1121591	1122000	1122500	0	1122742	0	0	0	0	0	0	
2	Exec_Auto	1	24876122	19	1	0	0	3	0	B	1	1	0	1031346	0	0	0	0	0	1124742	1124819	1125563	1125943	1126274	1126774	0	1127015	0	0	0	0	0	0	
